1.98 3.30 -7.04 -9.13 4.49 6.49 9.66 4.21 7.16 -2.81 1.02 6.04 8.69 -4.61 4.08 -8.95 -7.39 -0.69 -7.15 6.16 6.09 -3.24 1.05 -5.46 8.86 5.94 0.95 4.03 -2.35 5.90 5.41 -1.85 -2.61 -7.46 -4.51 -0.07 -1.25 9.74 -9.98 -7.42 9.86 3.24 8.10 0.52 9.42 8.37 1.04 0.43 -9.15 -3.01 -0.34 1.57 -8.39 1.28 5.22 3.79 9.43 2.67 3.65 -5.47 -3.76 7.10 -4.96 7.69 -8.75 9.17 1.13 9.94 -8.41 3.92 -8.05 2.52 1.76 7.83 9.32 4.57 -5.29 3.17 -0.03 0.03 -4.58 -2.97 -6.81 9.01 -6.54 -7.11 4.44 4.12 -1.04 -0.13 2.29 -6.36 5.97 -1.24 4.35 3.12 -5.35 1.32 -9.27 -0.34
2.21 -6.32 -0.19 -2.23 -9.27 -9.34 6.95 -4.21 -9.19 -1.31 -7.30 -9.58 1.04 1.87 -6.89 -5.82 -0.57 6.98 6.03 -0.08 8.14 -4.39 -0.50 4.33 1.98 -5.89 -7.79 -8.94 -9.01 9.47 -9.62 -2.94 -2.41 -8.53 6.97 -7.05 -2.69 0.15 -9.76 -5.56 -5.67 -7.51 -9.93 -7.37 2.51 9.20 6.89 9.66 9.24 -5.05 -6.92 -3.91 -1.94 2.50 0.54 -5.82 9.33 -3.80 5.68 4.45 2.94 -9.46 6.13 -7.99 9.76 -1.34 -3.67 0.40 6.84 1.74 3.11 3.66 -9.48 0.39 2.52 -3.07 9.66 -1.47 9.48 4.14 4.03 0.74 -0.60 7.50 1.92 6.79 -6.01 -3.71 0.25 -4.52 6.39 -5.67 0.54 -7.89 -4.46 2.23 -3.41 1.19 -9.75 2.07
-3.94 2.70 2.90 -7.58 -2.50 8.50 9.52 -5.88 6.83 -1.36 -8.65 -5.21 3.13 7.20 -4.99 5.52 -4.37 -4.09 0.07 -1.41 -0.53 -3.02 7.84 6.16 2.12 8.72 -5.51 -9.87 5.60 -0.81 -6.87 4.69 9.74 1.33 4.33 -0.15 -3.33 -0.29 -7.83 -0.48 2.16 1.37 1.27 -0.28 6.59 5.16 1.10 2.23 -5.17 0.49 5.24 -2.16 8.17 7.71 3.27 -0.80 -2.84 -9.92 7.36 7.50 -6.89 8.27 -1.99 -5.66 -4.25 -2.22 7.62 -8.58 6.75 -6.04 -7.05 -6.77 8.40 -3.58 3.35 1.64 -0.04 3.58 3.12 0.67 -3.92 -8.55 -9.47 -9.03 4.98 0.89 7.47 1.58 -3.13 -9.96 -9.54 -2.17 -4.19 5.67 8.36 -4.97 2.17 -0.12 -7.75 -6.92
-7.08 -3.72 -5.55 -3.27 7.11 -4.64 -1.62 6.20 -2.76 -6.54 -9.77 2.04 7.91 8.04 -4.69 -1.34 -9.15 -9.36 -2.70 5.91 7.52 8.53 -4.94 -8.93 -0.21 -4.19 -7.15 5.20 2.73 -1.65 3.97 -0.04 -4.75 2.13 -4.99 -4.31 3.22 -0.68 0.80 -1.56 -4.79 0.99 -4.60 -9.23 -3.24 8.88 -0.22 6.94 5.28 -6.51 -1.76 2.50 3.11 6.44 -8.83 3.78 3.83 7.42 5.03 9.31 2.08 -7.13 -4.76 7.89 -6.52 -4.75 4.08 -3.24 2.85 -0.82 -8.06 -8.58 5.02 6.29 5.69 1.20 3.74 -0.14 -0.15 -0.34 9.67 -5.95 -1.00 -1.26 5.17 -4.56 9.98 7.14 7.51 5.93 -3.67 7.19 -7.94 -6.30 1.13 -7.62 5.30 -5.63 0.50 3.21
5.29 7.10 0.17 -9.66 -3.13 4.38 -6.20 0.10 6.16 -9.71 1.81 4.68 2.42 -4.17 -6.30 9.06 -5.59 -6.73 -0.19 9.82 8.16 -4.87 -7.98 -4.59 3.24 -9.63 -3.42 4.67 -6.66 -1.30 1.72 -2.04 6.92 1.22 -9.33 1.26 3.91 0.89 1.82 1.86 -5.77 5.09 8.21 1.20 1.96 -2.83 -7.63 7.91 -7.43 4.65 9.75 6.41 -6.61 -0.87 -7.66 4.53 -2.74 -5.09 2.99 3.50 -9.48 9.74 2.91 -6.07 3.97 -2.97 0.40 -8.71 -1.52 -2.71 0.41 -0.17 -8.36 2.52 0.42 0.34 -1.13 -3.15 -6.65 3.92 4.15 -7.74 -4.10 9.90 -9.87 5.62 9.07 6.62 -7.29 -0.01 -1.79 -8.51 -5.56 2.97 -0.27 3.89 3.73 5.36 0.96 -5.31
-2.48 7.06 -8.33 8.36 -4.84 7.97 -5.95 4.48 -1.88 1.12 -6.00 -7.67 -0.03 0.72 7.65 -1.10 7.81 -9.50 9.52 -2.92 -2.31 -6.75 8.06 -9.12 1.65 9.59 5.83 -4.03 8.07 -7.85 2.29 -0.38 9.81 -7.85 -7.76 -7.83 0.20 5.43 9.80 9.63 4.93 -8.23 -1.13 -7.59 -8.45 -3.75 1.30 4.94 5.24 4.68 0.75 0.91 3.47 0.31 -1.11 -5.45 7.04 5.86 5.44 5.89 5.96 -7.97 4.12 -5.69 -8.93 3.34 -6.61 -8.79 9.60 -0.93 6.50 0.67 -6.51 0.86 3.30 3.20 8.54 3.34 -2.52 -5.39 -4.13 -9.37 -7.26 -1.08 5.14 -4.92 9.68 -3.17 8.50 -4.24 -3.78 -2.80 -8.34 -9.84 3.99 -5.78 9.93 -9.86 -8.55 6.69
-1.55 4.04 1.61 -6.56 -4.69 5.80 -3.30 7.43 -7.08 -4.21 -8.38 0.41 1.42 -8.63 9.63 -9.57 -0.60 0.27 -2.24 -9.30 -5.67 -1.70 5.80 -1.96 3.70 -9.32 4.15 -7.78 1.23 -8.97 1.40 9.62 9.45 6.79 -1.14 9.79 -4.57 -8.63 -1.08 -1.72 2.34 2.45 4.01 -4.28 -3.38 -7.45 7.22 9.00 -9.93 0.82 4.84 1.56 -0.27 7.29 3.68 9.54 -7.45 5.68 -0.55 -1.74 3.71 9.84 8.38 8.87 -5.80 -1.52 1.43 6.96 -6.90 7.17 6.09 3.35 1.23 3.76 -1.39 6.79 -1.94 2.69 9.87 -2.61 -4.48 -3.62 -1.53 1.75 9.63 3.60 2.97 2.93 3.46 7.57 -0.57 -3.46 4.97 -3.51 -4.09 8.92 8.52 9.61 6.12 7.32
4.21 5.58 -2.79 -5.84 -4.90 -6.52 -8.41 7.16 3.90 -5.06 1.05 1.57 -6.53 1.72 -0.02 -3.33 -2.49 -3.93 -8.16 -0.53 5.66 7.34 -4.78 6.86 4.47 -5.98 -5.92 1.60 -3.81 5.30 7.70 9.64 -5.78 0.80 5.25 9.90 -7.88 8.07 -6.65 6.40 2.48 -3.56 7.03 -3.39 4.21 4.99 -2.39 9.85 4.53 -8.27 -6.89 6.83 -6.67 8.47 2.82 -9.00 9.10 -6.28 6.41 -4.49 3.67 -4.31 -8.08 -9.38 2.30 9.46 9.16 4.86 7.31 -9.57 4.35 -1.57 7.98 0.76 -6.78 -2.46 5.33 -2.03 8.14 2.27 3.81 1.11 -1.28 -2.72 2.64 6.73 0.71 2.68 -4.85 5.27 -1.72 -7.98 -3.73 3.05 1.55 -7.72 -0.36 0.76 3.43 -0.63
-8.21 2.17 2.62 -9.88 6.89 -8.37 -4.62 -4.98 -5.60 9.15 1.52 0.47 0.86 6.59 8.15 4.88 -2.90 -9.82 -4.86 9.77 8.39 2.26 4.16 3.00 6.99 -1.44 3.60 5.35 -3.89 -4.99 -8.47 -5.87 -6.06 -0.90 6.31 2.03 -5.34 9.56 -5.09 -8.05 3.57 2.03 -1.61 -3.13 9.09 8.97 -5.52 -8.94 4.89 4.80 -4.35 -9.97 9.23 -5.77 -2.13 7.81 3.60 -3.53 -5.71 4.28 -5.56 -0.27 6.40 3.36 9.48 -2.29 0.38 6.19 -5.59 -2.44 -9.43 -8.37 5.42 -9.23 4.80 -9.82 1.69 -6.54 -3.10 -0.96 -8.59 2.18 3.48 7.91 -8.98 -2.53 -3.72 -5.86 -3.11 9.04 7.60 -1.37 -3.73 -2.39 -5.85 0.43 -0.15 -4.73 8.07 -5.46
-6.44 6.35 3.16 -7.04 3.13 0.92 -0.64 -8.09 -1.46 5.70 -1.31 0.54 -5.62 -1.00 -1.94 3.45 5.35 8.80 8.98 6.79 2.06 0.13 6.90 -0.29 -8.98 7.60 -5.05 0.10 6.69 5.15 -0.53 9.93 9.83 3.43 -7.99 5.83 -7.01 4.06 3.34 -5.99 -4.28 3.74 -3.64 -1.78 1.87 0.66 5.20 -6.55 -9.30 -9.91 -6.17 -4.41 -0.03 6.65 -9.91 5.71 3.32 -4.40 8.56 4.92 -2.64 4.64 4.17 -9.44 7.81 7.48 -4.00 -8.16 -6.40 -6.60 -3.29 0.99 5.11 -1.47 -6.50 6.94 8.14 -8.30 8.29 -4.90 3.81 -8.69 -0.55 1.32 -2.11 9.71 -0.90 -0.01 -1.34 -0.79 0.84 -8.57 7.26 7.14 1.82 4.73 -8.20 4.98 4.81 -3.22
2.07 5.05 -6.38 6.10 -9.54 7.14 7.14 -7.09 -9.96 -6.42 4.34 5.11 6.37 3.54 -6.86 1.13 -2.33 -3.75 6.66 -5.17 -9.42 2.32 -4.75 1.12 5.67 -3.64 7.10 -9.96 -8.32 0.47 -4.63 4.23 0.30 -7.58 -6.47 2.90 -8.45 9.52 7.50 2.35 -6.66 9.05 7.76 5.48 -5.75 5.43 -8.93 -4.90 -3.01 -7.37 1.58 9.85 -3.28 1.50 -8.68 2.78 2.35 -9.41 4.19 7.17 -4.68 -3.25 9.89 -1.10 -4.17 6.17 9.00 6.04 0.53 9.76 -4.94 4.46 -9.36 -4.27 5.83 0.84 -6.84 6.18 -3.08 -4.49 5.35 -6.99 7.46 -7.70 -9.08 -0.87 -7.56 7.46 -6.82 7.94 -9.71 0.11 3.90 -2.18 -4.53 -5.06 -8.90 -2.10 -4.04 -9.27
7.17 -1.83 7.98 7.59 -5.39 -4.06 -1.76 -0.85 -1.06 -3.33 0.90 7.65 7.59 5.97 -8.84 -2.23 9.66 8.81 1.81 -5.78 8.90 -1.62 -9.87 -2.45 -9.73 1.44 3.73 6.55 -6.27 6.02 -3.39 6.21 6.91 7.38 3.27 -8.78 -0.49 7.04 0.21 0.92 -4.84 2.42 -5.05 -5.90 -9.99 6.23 7.73 -6.68 -7.49 2.26 -6.45 4.15 0.10 -5.97 -1.02 9.52 -3.77 -3.43 -3.17 6.33 -7.14 -3.88 -7.30 -5.96 7.00 0.42 6.54 4.71 -6.77 9.07 -1.78 3.80 1.17 8.21 -5.76 -6.23 1.90 2.99 -0.85 -0.75 6.35 3.19 8.92 -1.40 -5.55 1.55 0.16 3.03 -8.99 -2.82 -4.59 -1.04 -1.27 -1.92 4.57 -0.24 7.18 6.00 -5.49 -1.40
-9.95 -3.64 8.71 4.26 -3.10 -3.21 -1.66 -7.48 -0.92 1.85 6.33 7.40 -5.06 4.29 1.43 2.92 -3.20 -2.76 4.74 -8.49 9.34 6.30 6.07 0.18 -4.49 -9.46 -8.01 -7.75 -5.35 2.81 7.60 -1.09 -4.44 6.09 1.61 0.70 -7.27 2.97 7.93 5.31 -3.69 -0.04 -5.72 5.64 2.59 -0.82 7.32 6.39 1.50 -7.20 -2.68 3.70 -0.15 -8.47 4.93 2.19 -5.42 4.18 6.40 3.18 -3.26 -2.66 -9.76 3.84 6.93 -3.33 -1.62 -9.62 -6.19 4.14 5.45 5.82 8.43 1.87 -2.65 -1.80 -3.17 7.30 -8.16 -8.76 9.84 -6.56 -6.96 -6.32 -0.24 1.70 2.16 -1.80 -2.72 -3.89 -5.17 2.26 4.80 3.50 6.81 -8.05 5.80 -4.54 -1.75 -0.99
-1.76 3.91 -2.39 -2.00 3.06 -2.30 6.75 4.45 3.67 8.68 2.68 -6.26 4.32 -3.58 5.10 9.39 -3.56 1.77 6.36 5.63 -5.69 2.18 0.14 -2.07 -9.88 -0.39 -2.92 -1.32 2.93 6.27 8.96 3.75 5.51 -6.56 -2.60 -2.34 -8.34 6.11 -0.79 -7.11 -4.86 -9.37 -7.57 -7.83 3.63 3.12 7.43 7.19 7.93 -2.39 -4.34 -8.83 3.83 -6.09 8.94 -5.97 5.35 9.60 9.10 -4.36 3.25 -3.73 4.70 -8.88 2.92 5.56 -9.25 6.24 -7.85 -7.54 8.55 0.18 2.47 -8.32 9.22 2.06 -5.29 2.20 -5.01 2.68 1.24 -9.64 -3.21 6.02 -4.94 -6.78 -1.67 5.55 2.36 -5.34 -3.86 7.57 6.29 -9.88 -7.06 -5.56 -2.02 -3.26 -2.14 6.91
-7.39 -7.08 8.31 0.59 -7.49 -9.74 2.67 -8.39 1.70 2.08 -6.18 1.37 7.37 8.15 9.43 -4.08 9.36 -1.53 -8.34 4.57 5.56 -1.61 1.57 8.31 1.90 -6.71 -2.43 -9.68 -7.10 0.69 9.31 1.45 0.44 -4.48 5.88 1.22 8.38 4.56 -0.27 -3.10 -3.13 8.02 -4.76 -1.29 3.43 -7.68 0.47 8.93 -8.21 7.63 -9.95 4.86 -5.16 -6.42 5.49 8.19 9.51 4.44 -2.85 7.76 6.80 -1.54 -0.41 -5.46 -9.37 -1.30 1.39 -1.02 4.62 -7.29 -4.11 0.61 -2.26 -6.33 -6.90 -9.16 -8.84 3.42 -4.63 -8.17 6.26 3.36 3.99 -9.05 -7.75 -5.18 -3.22 5.39 3.71 -0.19 -1.45 -5.42 5.47 -1.24 -3.08 -5.31 9.20 -9.22 0.03 -5.78
4.53 1.27 4.07 -5.01 -0.68 4.11 9.09 2.68 -8.37 1.17 5.49 3.99 -5.37 -9.19 -2.31 4.77 9.14 2.49 8.20 3.20 -2.50 -1.22 8.47 -6.13 -5.36 2.40 -3.57 7.03 3.26 5.86 -3.31 8.84 -6.61 -7.08 9.62 -5.27 9.79 -1.26 0.35 2.15 -7.77 2.56 -0.06 -1.27 1.80 -8.98 3.08 -5.88 -7.87 -1.58 -4.56 -5.76 -4.82 7.92 -1.00 -8.68 -0.58 9.29 4.22 7.06 4.99 -0.21 -8.71 -5.51 5.44 4.62 0.36 7.41 7.01 -0.64 8.61 -2.26 8.58 3.24 5.94 -2.52 -0.03 -8.11 1.02 -3.95 7.40 -0.58 -0.73 -5.31 6.33 -2.50 9.62 -1.23 -7.63 6.08 -6.68 5.86 -1.13 2.92 4.85 3.69 9.63 -6.19 -0.52 -6.23
-2.68 9.74 -6.29 -4.90 7.24 3.54 -3.15 -0.54 5.89 -6.21 -9.12 3.10 4.53 -3.08 -8.38 7.46 -5.47 -9.73 1.14 7.23 6.81 -3.03 2.10 -0.67 -0.25 -8.40 -3.23 -8.24 8.02 -5.73 -7.01 6.01 -6.94 3.67 -5.99 -1.38 -8.47 0.12 -7.31 -6.44 -9.27 7.64 2.70 4.40 3.98 9.20 -2.12 8.43 -5.10 -7.18 9.83 -0.50 -5.80 7.83 7.34 3.97 0.11 -3.99 5.30 2.76 9.23 9.64 -0.73 -0.80 0.86 -1.03 1.21 -4.97 6.00 7.07 -1.36 3.65 -8.01 1.95 -6.86 0.21 -8.69 7.45 9.06 -1.78 9.43 5.59 -2.68 6.42 2.02 0.30 3.88 6.67 -7.75 -2.20 5.70 5.78 7.22 -3.71 5.92 5.56 2.29 -8.35 9.77 8.02
-4.31 -2.02 3.63 0.81 4.91 -5.43 -0.61 -5.44 -3.14 7.05 9.97 -9.22 9.11 -1.49 1.28 -9.71 4.93 -7.10 -5.58 -4.73 6.05 5.43 0.92 -0.46 -1.23 -5.98 -0.43 3.68 -6.09 -3.93 -9.28 -1.12 -6.02 -2.64 7.80 4.10 2.67 4.27 6.26 6.49 4.31 -4.56 -0.18 5.79 -6.14 -5.07 3.44 2.31 6.79 -4.20 2.20 -4.93 7.38 -1.14 9.97 5.59 0.18 4.75 -4.16 -7.06 1.95 -9.82 -8.80 -6.29 -0.76 -6.12 7.79 -6.27 9.56 0.62 7.35 1.87 7.10 1.76 -7.54 -8.63 -6.28 8.77 6.63 0.98 5.19 -7.94 -4.09 -2.22 9.71 -2.03 -4.51 1.48 8.64 7.37 1.77 0.66 -4.96 7.04 8.95 -3.02 7.95 0.92 -3.56 7.05
9.01 -9.57 -3.77 -2.13 -2.31 -7.07 -6.39 -3.51 -4.82 -8.48 9.95 -7.79 -0.17 6.02 4.55 -8.99 -2.44 -1.92 2.24 -2.40 -8.22 6.15 -9.43 -7.58 1.86 7.87 1.93 -3.24 5.04 -0.08 -0.62 -9.37 -1.39 1.65 6.40 -8.90 -4.96 -7.09 8.69 2.34 2.64 1.41 -9.20 -8.56 -8.28 -8.35 8.83 -7.47 -0.99 9.61 -7.90 0.61 -2.27 3.55 -9.03 4.94 -5.88 -9.13 0.34 6.10 0.80 -3.79 0.81 8.49 2.20 -9.53 -8.06 0.57 -3.41 -7.41 -7.96 0.64 0.56 9.88 0.34 -6.98 5.95 -7.41 -2.72 8.85 -2.13 4.66 -3.79 6.37 6.58 5.30 -8.78 -8.36 -0.27 -0.82 2.76 6.47 -6.09 5.82 2.71 8.24 -6.13 4.67 -4.12 -1.88
-6.93 -5.06 -3.37 8.91 -2.13 1.90 -9.29 -2.86 -6.70 -4.54 7.29 -7.35 -0.21 7.06 -8.50 -3.58 -9.11 -2.12 3.01 -3.49 -9.42 -5.37 4.94 6.83 3.14 -6.47 -2.02 9.29 -6.10 -2.31 -3.48 -3.98 4.61 8.65 -7.56 5.92 7.80 4.47 5.35 5.12 2.84 4.76 -6.30 7.11 -8.40 -9.28 6.33 5.09 3.05 -0.22 -6.66 -1.05 1.06 4.69 1.68 7.88 3.27 -1.98 -9.28 -4.24 -3.29 -8.14 1.41 -3.70 -5.73 5.47 -6.33 2.76 -0.96 0.65 -9.29 6.37 -9.13 6.26 -3.41 -7.54 0.89 3.30 -0.50 6.62 -4.32 8.71 3.97 5.59 2.09 0.40 6.13 -6.88 -7.83 2.98 1.68 -6.08 0.74 6.15 0.74 7.08 1.12 -7.08 2.60 2.01
0.69 8.55 8.46 2.05 -7.24 7.28 6.23 -2.04 -2.88 8.46 1.92 3.07 3.76 -8.17 6.15 -5.01 -2.87 5.66 -3.67 3.11 4.42 1.02 4.76 -2.70 6.61 8.08 4.11 -8.33 7.03 6.46 6.20 -7.88 6.99 4.86 8.97 -6.55 8.77 4.88 2.68 8.75 -1.03 -6.49 -8.58 -3.82 -7.90 -0.99 4.56 9.75 0.68 9.54 1.32 -7.68 1.42 1.62 -3.97 2.28 -6.59 -2.95 -7.44 6.58 -0.78 5.61 -4.30 -4.32 9.52 -5.05 2.99 -9.51 -0.40 5.85 -1.09 9.04 0.48 -6.77 -4.65 1.02 -8.68 -9.35 9.88 3.82 -8.87 8.74 -5.55 0.98 -7.45 -2.13 9.70 -1.58 -6.33 -8.14 -6.82 5.49 1.54 5.20 1.07 -3.19 -7.26 5.21 8.99 6.65
2.83 -0.33 -9.58 -7.59 5.22 8.98 5.27 0.57 8.23 6.35 -3.02 -2.07 -5.65 -4.38 -6.96 -3.80 -8.66 6.78 -7.67 -4.62 9.34 9.84 -5.09 3.55 -8.33 -2.61 6.06 9.93 0.84 -8.72 -8.12 5.80 -2.48 -9.62 3.53 -7.00 -6.94 9.63 5.07 -1.41 9.19 0.97 2.33 -1.08 -6.37 6.22 8.82 5.45 -4.10 -1.99 -1.73 -6.58 -5.01 -7.26 9.36 1.50 -8.50 0.53 7.38 -4.33 -0.76 -9.11 1.27 4.09 8.27 -7.05 -0.24 4.21 2.29 9.05 -2.84 4.41 7.23 -3.68 4.03 -8.49 9.80 -3.00 -0.85 3.77 4.33 4.60 -9.25 -6.36 5.69 6.52 -9.21 -6.80 -0.70 5.02 1.09 -7.60 6.37 -4.47 -5.54 -7.72 -5.91 1.39 4.95 1.93
1.65 2.99 -8.07 6.50 1.27 -6.13 -2.61 6.79 -3.94 3.58 -5.67 -3.38 8.82 -2.30 7.38 -0.14 0.70 -4.94 6.83 8.38 -3.99 -1.24 -5.33 9.07 -9.07 3.24 -8.72 -7.64 3.68 9.08 -8.84 1.93 -0.17 9.16 9.47 -4.25 -2.14 -8.49 -8.61 -9.47 9.01 2.76 -6.71 -7.80 9.81 -1.00 7.72 -0.09 2.02 -6.08 -1.21 7.21 -4.59 8.95 1.88 -0.02 -1.07 9.71 9.93 7.44 -5.12 2.56 -3.81 -2.17 -6.65 4.02 -5.64 5.66 -0.30 -6.68 -2.62 4.29 -9.86 5.55 -5.94 -9.74 -7.49 -0.88 -1.40 -4.13 -9.33 0.52 4.97 -7.44 -6.80 8.02 -2.43 -4.61 6.87 7.42 -6.32 8.00 9.31 0.91 6.04 7.32 -6.50 -3.72 -7.20 -3.79
-5.59 -7.33 -1.44 -9.58 0.06 -0.32 -7.49 -0.19 -4.33 7.67 4.71 1.33 -7.87 -7.40 -7.98 -8.09 -3.35 -9.90 -8.28 -0.16 2.20 3.47 -3.19 6.58 7.36 -0.39 -6.73 0.68 9.10 4.76 -4.22 6.71 -9.02 0.16 -9.61 -7.65 9.23 9.14 -3.85 0.87 0.98 -5.67 -7.10 0.17 -3.87 -1.51 -5.09 -8.99 9.65 1.33 -5.69 1.63 -4.84 4.09 8.81 4.04 -9.45 -5.57 7.28 1.78 -9.54 3.04 -4.00 6.26 4.76 -0.43 2.06 6.05 -2.89 4.20 -3.22 -0.16 2.73 0.67 -4.41 -8.13 -4.92 4.24 -0.16 1.26 2.89 9.57 -7.89 3.48 -2.89 -5.79 3.45 -4.12 7.34 7.29 -5.92 -1.38 8.53 7.12 -3.78 -4.59 3.51 -2.73 5.80 -5.68
-7.07 -4.78 -3.08 -7.55 -9.91 -8.50 1.94 -7.76 5.75 -5.11 5.28 1.92 5.37 -6.61 4.21 9.58 -1.79 -7.37 5.84 -2.56 0.66 -7.80 0.59 -8.50 -9.66 0.88 -9.11 -7.90 7.40 9.98 -9.64 5.58 7.75 7.94 -8.36 -2.04 0.48 7.03 -9.56 5.41 4.67 7.54 3.02 -5.60 9.02 0.61 -0.61 9.59 -8.89 -4.21 0.85 -0.49 0.44 -6.07 7.58 -3.18 1.66 2.62 1.27 -6.89 -0.06 3.39 4.18 0.44 -2.68 9.87 -9.66 -7.28 -1.23 -7.94 -8.15 2.77 0.92 7.31 -7.21 -3.17 2.45 -6.66 -1.66 5.32 2.35 4.54 -1.80 1.10 -2.71 -8.11 -5.66 -1.27 -7.18 1.33 9.06 5.39 7.78 -9.07 -9.77 1.51 8.41 -2.77 8.71 -7.05
0.16 5.94 -7.32 -6.82 -0.43 3.43 -1.02 -5.82 -0.50 2.47 -0.53 -1.79 7.31 0.48 2.76 -7.22 -2.71 -3.32 -2.48 8.05 1.84 5.99 2.27 7.66 5.44 -0.31 -6.46 8.16 4.36 6.76 4.07 3.39 4.20 0.49 -2.84 1.86 3.50 7.37 0.12 4.81 -7.16 1.26 3.20 8.43 -8.10 -9.90 -9.09 8.36 5.05 3.60 0.06 4.87 6.90 -0.07 -4.44 0.06 1.94 5.57 5.39 5.01 -7.62 -6.35 5.59 0.07 -9.02 9.82 7.58 -4.80 8.97 -8.47 4.55 6.86 4.37 3.83 8.48 5.39 -1.14 -4.34 -4.88 3.83 1.67 -8.19 1.87 -6.06 5.47 -3.89 6.64 2.24 5.16 -3.05 -2.08 0.68 0.27 -5.04 6.86 7.50 -6.78 5.55 -6.20 8.97
6.50 8.28 3.04 9.42 5.93 4.35 2.10 6.47 2.32 -2.18 9.97 -1.79 2.66 -6.97 -1.97 -0.90 -3.07 0.85 -4.28 -8.20 1.11 5.04 4.99 -8.36 -8.46 4.86 -1.17 -3.19 -7.42 9.16 3.30 -5.66 -9.74 -1.96 1.03 6.50 -4.23 -6.51 -3.33 0.83 -7.96 5.12 4.65 -2.25 -8.90 3.97 -8.00 5.62 8.33 -5.15 -3.52 -0.92 5.48 1.82 0.55 1.45 -5.69 7.79 -6.83 5.59 0.25 -0.90 6.13 0.49 3.95 9.25 -9.23 4.68 -7.39 8.02 6.09 4.44 9.74 -0.77 3.73 0.57 5.30 1.15 2.84 3.61 6.64 -7.41 -5.46 -6.99 -3.63 5.76 1.11 8.59 -2.56 -2.39 -3.79 3.07 -4.27 -1.66 -5.91 8.64 6.65 0.10 1.34 9.14
5.45 -6.81 -3.27 7.67 -9.09 -8.69 -2.36 -5.03 9.53 9.76 -9.75 1.80 7.06 -5.10 -4.76 1.40 7.75 -3.18 -9.90 2.93 -9.93 -5.00 -2.26 -8.01 0.72 -1.19 6.06 -6.12 -2.08 -4.11 0.06 0.70 -1.78 1.62 -4.80 -1.63 -4.67 3.13 3.76 0.27 -4.19 3.38 0.24 -3.72 1.26 -4.73 1.97 -6.48 -3.62 8.98 -3.53 -0.32 0.48 5.94 -1.23 6.00 3.93 1.13 7.52 6.25 -4.78 -8.93 7.51 4.15 -8.82 -9.54 -2.78 9.19 -2.33 -6.37 -7.71 -2.76 8.93 9.63 5.52 -7.78 -3.90 8.32 -9.88 6.34 -3.65 8.43 -8.68 -7.06 -7.46 -3.43 1.50 0.98 3.90 -0.90 8.49 5.16 8.80 1.48 -9.72 9.63 -9.95 -1.10 -2.17 -1.59
-8.73 -6.04 -2.36 -4.02 -5.51 0.16 1.64 7.10 5.47 4.31 -6.96 5.13 8.09 7.48 6.18 -9.00 -0.63 -3.66 3.93 -6.37 -7.71 7.40 -7.03 -5.82 7.50 -9.97 0.57 8.48 -5.72 -7.93 1.36 -7.52 -6.71 -6.04 -2.06 9.78 -7.27 -9.90 -2.37 4.36 -2.96 3.83 0.20 -4.98 -2.33 -0.03 3.01 0.42 -4.41 -5.32 6.14 4.58 3.48 -7.64 1.86 7.58 8.03 -6.29 -3.62 4.90 6.63 1.14 -2.08 1.36 0.82 -3.17 -2.92 -4.02 5.53 6.58 -7.68 -1.57 1.52 -2.23 1.14 2.15 -2.96 -2.46 -5.33 -9.78 8.47 -4.72 -6.00 -8.01 4.08 -8.82 7.93 6.72 -3.64 -6.22 9.33 7.28 -0.97 -2.30 2.59 0.10 8.24 8.94 7.03 5.14
9.11 -1.97 -6.78 -9.86 7.51 -9.20 -5.10 -1.67 4.22 -0.90 -1.18 7.51 9.06 0.07 -0.05 6.46 8.42 1.72 5.82 -8.46 -5.92 -9.18 -3.25 9.83 5.38 1.19 4.30 -1.12 -0.70 -2.94 4.33 3.08 -8.38 -6.34 5.06 -8.53 7.70 -1.33 -6.62 9.25 3.31 5.00 -2.66 -0.16 -4.70 7.02 4.27 7.41 -6.69 1.61 4.22 2.87 5.26 6.73 -9.23 -8.55 -6.86 9.99 -0.43 7.48 5.42 1.99 3.98 -6.76 -4.04 -6.60 0.46 -2.13 5.53 -8.70 -2.38 9.55 -1.82 -7.59 -7.56 -2.66 -6.67 8.00 5.62 -2.55 -3.46 -8.39 2.31 5.06 -6.37 -6.07 1.95 0.15 9.24 -1.16 2.85 4.44 -1.85 -1.71 -5.52 -3.55 -2.06 -6.87 0.35 5.06
-8.17 2.79 3.15 -3.20 -6.60 7.78 4.86 1.80 8.20 -7.06 -6.53 5.30 -6.21 -3.13 5.68 5.76 -8.48 7.84 2.47 7.05 -1.28 5.32 5.38 -6.31 9.76 7.87 1.41 -8.06 -1.55 0.15 -7.94 1.38 4.24 -4.97 -9.87 -1.76 9.61 5.66 -7.87 -7.92 8.13 5.37 -2.70 -2.37 -7.21 1.50 -0.43 5.10 -3.85 -9.62 2.45 -6.48 1.68 -7.91 -0.15 4.04 5.44 9.12 5.94 0.79 -3.73 7.54 7.90 3.16 -2.90 -2.54 6.93 -6.74 -3.00 -6.04 3.39 5.23 -2.92 3.38 8.38 -1.91 3.99 -7.28 6.85 -6.55 2.25 7.65 6.28 4.31 -6.91 1.59 2.16 -8.06 4.98 -0.57 1.26 -1.07 0.84 6.61 3.32 8.18 5.31 -2.86 -7.68 -6.94
-2.39 -5.74 -0.96 8.18 4.88 6.94 9.66 -3.14 3.91 -4.26 0.83 5.98 -9.57 -5.43 -6.45 9.79 -0.91 -1.23 6.36 9.82 2.53 -7.59 4.53 -6.63 -9.54 -6.61 -0.81 3.73 6.43 2.96 -2.27 -8.40 4.48 -6.57 -0.00 -0.74 -4.81 0.25 2.04 -0.86 -1.24 4.10 -1.35 8.36 8.66 7.40 -9.87 0.97 -7.10 1.39 -1.10 -4.86 0.70 4.79 -3.00 9.96 -3.84 -5.50 -9.87 9.15 4.61 8.99 9.56 -1.42 -1.64 1.50 1.55 -2.53 4.18 0.85 5.42 4.28 -1.92 3.46 -2.26 1.45 -3.56 -5.63 -7.28 -1.19 -6.23 4.93 -0.93 -0.57 2.95 2.05 -7.67 0.07 -1.59 -2.81 6.36 0.05 4.48 -7.16 3.15 -8.24 -4.08 -8.51 6.79 3.73
9.20 8.08 7.19 1.30 -6.55 3.54 9.66 -5.29 7.27 -0.14 -3.31 3.61 2.92 7.31 3.14 -6.36 2.23 5.99 7.29 -7.32 0.75 4.06 -9.89 -8.53 -2.39 -0.58 -8.75 6.63 -9.50 1.33 -4.85 -0.07 9.68 1.39 -6.06 3.18 -5.86 -2.79 -9.18 -5.08 0.60 7.93 -9.01 -2.61 7.02 -7.45 7.12 6.42 -5.17 7.31 -0.33 -3.57 -6.11 7.15 -0.72 -0.53 4.47 8.90 8.51 7.05 8.21 -6.45 -4.56 5.88 -6.87 -1.76 6.50 -2.71 -9.80 -4.02 -2.27 -8.19 -7.61 4.73 -9.93 5.63 8.54 0.58 3.89 -0.96 -4.72 8.74 0.44 -1.60 -2.56 -2.56 1.18 7.34 1.85 4.71 -4.81 -9.20 4.84 -8.28 -5.19 -6.14 2.28 8.94 -1.02 5.30
-9.02 -5.06 -7.34 4.52 2.48 -2.85 6.69 7.42 4.19 -4.88 -2.81 -7.76 6.18 -1.99 9.21 7.16 -7.95 -8.50 9.43 -7.71 -0.28 3.05 -1.47 4.38 1.12 -6.98 1.86 3.23 2.71 4.64 5.25 7.30 -1.32 4.86 2.76 -4.13 3.75 5.60 3.62 -0.79 -7.44 9.51 -0.15 5.18 4.70 2.94 -3.85 3.04 -3.31 4.59 4.54 7.82 1.81 5.85 7.92 3.14 -7.43 -3.94 4.84 -3.49 -1.08 4.40 4.60 6.71 9.45 8.76 -8.79 6.85 -7.74 5.74 5.94 5.84 -4.01 4.08 -0.54 8.01 1.08 -0.17 -6.98 7.98 2.34 6.75 8.75 -6.25 5.55 6.42 -6.93 7.65 7.01 -1.14 6.53 -5.51 4.15 5.99 -7.93 4.84 -7.10 -8.28 8.96 -6.01
-1.99 8.79 7.00 -5.29 7.53 8.28 -7.04 9.86 5.58 7.34 -9.99 5.21 -8.83 -8.37 9.12 7.73 4.90 -9.48 -8.66 -9.51 -3.86 -3.05 -5.27 -1.44 -7.12 1.69 -4.46 -6.80 -9.81 -7.88 4.51 -9.94 2.90 -1.34 -7.04 -8.18 -6.59 3.10 7.29 8.95 0.57 -1.85 -1.92 -7.31 2.91 1.68 3.04 -6.56 3.50 1.08 -6.80 -3.87 -6.00 5.83 -4.07 -8.95 -4.31 -2.95 7.85 6.94 5.49 0.27 -7.43 1.80 -8.74 5.63 -5.92 9.76 9.38 -2.58 -3.73 -9.24 7.61 2.47 -3.64 9.14 1.30 4.22 -3.34 6.67 7.28 0.40 1.07 5.34 2.83 -4.24 7.33 3.69 8.64 1.04 -8.77 3.55 -0.86 0.31 8.55 3.50 3.54 7.99 8.71 -9.02
3.86 -5.26 1.60 -4.92 4.53 -5.46 3.66 -7.59 -9.54 4.82 3.66 3.82 -0.20 2.90 2.15 2.02 9.53 1.97 2.49 -8.03 -4.12 -7.68 -6.04 9.03 1.43 0.21 2.46 -9.64 0.53 0.71 5.51 -4.96 6.11 -8.34 -5.95 0.40 8.41 -7.79 4.96 8.56 -2.84 0.84 -8.15 -3.49 -3.96 4.32 -4.17 1.30 0.03 -3.06 5.71 3.61 2.00 8.62 -2.50 -0.58 -2.01 1.24 6.77 -8.59 -4.29 4.70 -2.70 -3.90 -3.60 -1.67 3.48 1.32 8.04 7.44 -1.20 -5.66 -1.26 0.32 4.06 -1.37 0.87 -3.68 -2.42 -2.22 3.55 -5.50 1.24 -9.01 -6.47 3.21 -1.24 -7.52 -6.74 -9.81 7.64 -5.18 -0.94 2.49 -6.62 -6.01 9.20 -5.68 2.80 8.73
6.26 -3.71 -6.34 4.16 7.79 -7.79 -9.03 -8.86 -6.02 6.51 7.92 -0.10 5.88 5.09 -0.43 8.55 5.87 6.94 -4.26 -6.09 -9.28 6.76 -8.61 0.21 2.54 9.66 -2.28 1.07 6.62 -6.42 6.05 7.84 6.77 -1.37 1.26 -5.36 6.20 3.81 0.85 6.83 7.97 -4.17 -7.56 -3.98 -4.52 9.39 -9.03 4.51 -6.82 -6.78 6.30 7.93 9.77 -1.15 3.55 -3.09 -6.90 3.14 2.70 0.18 -5.96 2.39 3.85 -6.18 9.58 8.34 -3.93 7.81 0.85 4.48 -7.15 -1.18 6.02 4.56 7.54 -2.72 8.83 -1.22 5.77 -8.18 6.21 1.88 1.91 -0.82 -7.72 -3.26 -5.47 -4.25 -9.82 1.52 -9.76 2.12 -4.31 1.33 -5.83 5.84 -4.13 -5.93 8.28 5.88
1.41 -7.37 -9.73 3.21 3.93 -0.06 -2.16 0.03 6.49 -7.25 5.35 -9.05 4.10 -0.71 -4.89 4.93 -6.91 -6.56 1.41 -1.72 -9.83 -4.68 -6.64 -1.77 -1.39 4.75 -6.16 -2.79 -1.35 -6.10 6.10 2.98 -4.68 -6.73 -8.58 -1.75 -5.46 1.76 7.04 6.65 -4.81 -7.87 3.07 -5.39 1.03 1.33 -8.78 9.49 9.75 1.28 4.13 -2.87 8.67 2.40 5.08 -4.76 7.22 -6.84 1.77 5.09 4.90 0.29 -8.09 8.70 5.02 7.45 -1.14 -0.03 9.26 -8.26 3.65 -2.40 7.21 -4.17 -9.91 4.33 9.30 6.15 -3.73 4.25 -8.80 -8.05 0.87 -9.65 -4.69 -4.68 0.49 -7.65 -8.27 0.05 0.94 -5.79 5.17 7.66 -1.60 -3.30 3.62 9.10 -6.93 8.47
-8.41 4.43 -6.80 2.94 -1.61 -9.38 5.36 2.58 -4.77 0.38 -8.34 5.61 -9.78 -1.36 -6.38 0.46 -9.00 1.08 -9.43 -2.61 8.10 -8.81 -9.50 3.60 -1.30 -5.68 2.61 -0.11 3.39 5.90 6.74 8.56 -4.14 -7.65 -2.62 4.52 -0.14 8.43 -2.33 1.20 3.37 5.47 -8.44 8.46 -6.06 -6.74 6.39 6.92 -2.84 -0.52 -6.95 -4.86 2.44 4.37 -3.30 -1.65 -6.95 7.94 2.11 -5.17 6.22 0.14 -8.47 -8.28 1.43 1.95 7.48 -7.97 1.27 7.63 2.87 -9.33 -3.36 -5.45 -3.06 3.55 1.15 -1.48 -2.63 4.95 -6.91 -9.47 8.98 6.58 -7.24 5.95 -3.94 5.29 0.60 -7.88 3.47 -5.23 3.58 -4.79 -3.94 1.82 4.12 2.33 -2.32 -1.29
-0.85 7.54 -7.29 3.62 -6.44 4.01 9.15 0.11 8.67 -0.25 1.28 4.77 3.72 -4.62 1.01 4.71 -8.95 -7.08 -8.48 6.98 1.02 -9.86 -1.56 -9.19 4.64 -0.26 1.51 7.05 9.70 4.64 -0.80 -1.21 -7.96 2.15 1.75 1.15 0.65 -0.28 -1.04 -6.30 4.21 -4.42 5.44 -9.76 -7.23 4.33 7.79 -2.34 9.63 -8.88 -0.35 1.67 -3.46 -3.04 -9.56 5.93 -1.12 -0.81 6.97 6.63 -2.42 8.86 2.38 0.59 9.58 4.15 -6.09 -2.55 -7.66 -6.67 7.36 7.36 -6.57 -7.87 3.49 -3.33 6.93 7.02 5.49 0.25 -3.40 -9.64 9.05 -2.99 0.85 6.19 6.50 -7.25 7.58 5.95 -6.78 0.01 -3.34 9.92 -3.04 8.05 -0.45 9.11 4.03 9.82
9.44 9.15 -8.75 0.97 4.26 -9.58 3.71 8.12 1.85 9.24 5.68 6.74 -8.96 -7.32 -0.75 0.58 -7.81 7.63 9.92 1.07 8.24 -7.48 -8.56 -4.49 2.60 9.68 4.13 -0.31 7.42 1.28 0.35 9.74 9.24 -4.37 6.38 8.04 -2.59 4.24 3.92 4.69 9.99 -5.24 5.96 6.81 5.01 6.18 2.49 -4.89 1.01 3.49 -8.99 1.49 -0.63 -0.19 1.79 0.64 7.82 -5.00 -6.04 0.36 -1.47 4.32 8.37 -2.11 2.83 8.81 6.84 -5.89 5.02 5.62 5.06 -4.02 -2.50 8.98 3.28 4.59 -6.94 -9.50 1.84 0.69 -6.88 -9.94 -9.42 -4.72 -4.24 7.94 2.50 3.88 -0.01 6.05 -9.84 5.40 -8.85 -8.33 -7.08 -7.80 -2.32 0.32 -8.72 8.51
1.95 5.79 4.42 -0.40 -4.40 4.39 -1.78 1.18 -0.87 -3.46 -1.89 -4.57 4.56 -8.01 6.01 9.67 -4.75 6.59 -6.32 -8.70 5.81 -0.61 6.72 8.87 7.92 2.99 7.97 -1.44 2.86 -7.22 1.01 7.70 6.28 -6.07 -9.24 -9.02 -3.08 -2.60 1.32 -4.05 -9.86 0.53 -9.48 -4.78 2.85 -0.58 -1.81 7.42 4.87 -5.72 4.54 1.55 0.51 -6.39 6.43 -6.54 4.96 -4.44 -6.77 -4.49 -8.00 6.04 -2.58 3.61 9.83 -9.54 9.99 -3.36 -9.49 2.04 4.44 -5.64 3.80 2.13 3.26 -2.94 -8.49 1.50 5.31 4.21 6.61 0.46 -0.89 -8.74 -0.37 5.26 9.04 5.86 0.86 5.84 5.18 0.15 5.14 3.79 8.27 9.80 -1.08 -4.06 4.03 3.15
-0.50 -3.82 -3.91 -1.54 3.17 7.37 1.27 -2.91 0.86 -1.13 1.45 9.19 -9.25 3.95 -4.66 3.92 -6.48 -9.64 6.65 8.02 0.63 7.98 -5.90 2.56 1.64 -1.99 -3.60 -5.06 0.61 -5.81 9.09 0.89 -0.43 2.41 -1.26 -4.17 2.68 -8.61 -2.61 8.31 4.06 -3.75 7.69 -0.94 -9.80 -7.73 -3.14 -5.49 -7.29 5.45 9.47 3.39 -7.93 -9.42 6.56 -4.07 1.81 -0.39 -8.22 6.71 -6.72 -5.64 0.31 -3.43 0.53 3.36 6.31 4.19 4.08 9.88 -8.96 2.10 8.97 -2.49 -9.87 2.69 8.50 4.98 -2.88 -6.13 -6.62 -2.80 -3.42 1.20 -7.12 1.90 5.14 -7.63 8.43 4.26 -8.60 -4.10 -3.44 6.51 -5.03 -8.38 -4.88 -4.98 -2.28 -5.31
-5.40 0.08 9.58 -1.10 0.78 -3.21 4.53 9.83 4.37 -5.36 3.39 -3.22 7.98 -0.23 4.62 -6.52 -9.76 -8.42 -5.02 0.32 7.27 3.75 3.08 -0.03 -6.48 4.71 -8.70 3.68 -7.92 4.94 3.13 -0.43 -8.73 9.73 -3.15 7.85 6.48 -1.55 6.07 -8.07 -3.64 3.90 -3.66 6.24 -6.36 -2.79 6.56 0.66 -2.57 8.40 -4.44 9.85 -3.83 9.20 -5.42 0.76 -3.24 5.90 8.45 -1.98 -6.37 -0.91 0.42 8.94 -8.22 -9.74 8.99 5.32 9.05 -5.59 1.98 -8.20 -4.73 5.93 -8.95 -6.69 0.79 -5.89 5.34 1.23 -2.79 -9.62 -3.70 -7.62 9.93 -3.79 5.53 1.87 -7.21 2.00 6.94 -2.60 3.68 -7.28 2.15 -9.68 -7.31 -5.41 -3.59 -2.93
7.92 -9.70 2.50 6.14 -0.87 -7.61 0.19 -1.63 2.25 5.10 -0.85 -7.37 -7.45 -0.99 -3.59 1.20 0.82 2.71 -3.72 -6.68 5.01 -3.57 6.10 1.52 -4.65 5.34 5.24 -4.49 2.00 -6.81 0.84 1.74 6.28 1.50 5.53 9.84 2.42 2.37 2.38 4.21 -9.08 9.71 5.40 -6.06 -2.40 0.91 7.15 5.81 -0.27 7.47 -5.98 0.98 4.13 5.97 6.89 5.79 -4.29 2.62 -4.92 7.34 8.89 -7.05 -8.99 -6.07 -3.16 0.82 1.90 5.61 5.76 -3.79 2.25 -4.83 -8.79 7.82 -3.62 2.36 1.27 -0.44 8.67 -2.36 7.76 4.44 -2.18 2.59 -2.64 -7.18 9.38 -5.57 -9.54 8.24 9.38 7.85 -3.27 -2.94 1.74 -9.98 -6.59 -9.53 6.48 -7.05
-0.56 -0.10 -4.17 -7.79 -6.76 0.85 -8.22 -9.31 1.13 -7.40 9.04 2.56 0.30 6.81 -0.16 6.79 -5.38 -0.91 5.47 -5.36 -2.20 3.37 -9.52 1.62 -5.25 -9.97 -6.76 0.87 -4.75 -8.76 7.79 7.27 1.32 9.35 -9.67 9.79 2.29 4.39 -3.75 -7.86 -0.79 -2.38 5.91 5.92 -3.68 7.32 4.11 6.74 7.32 -2.69 1.59 4.74 0.49 1.53 -5.95 -7.37 -6.78 -3.30 8.82 2.12 -2.92 -4.21 -0.32 4.59 9.20 3.25 -5.68 -2.68 3.47 1.29 2.90 6.48 4.59 5.64 -8.88 5.80 0.28 6.22 -1.92 -7.43 -5.65 0.73 -5.93 -2.63 8.96 3.58 -2.08 -0.25 -7.64 -8.64 3.62 0.95 3.24 -6.56 -4.48 -5.94 -8.59 -7.11 4.69 8.84
8.42 -3.30 2.45 0.24 -2.75 -9.34 8.15 2.63 -0.00 0.39 -7.24 -4.39 -6.04 -5.88 0.52 2.56 2.29 6.22 -7.78 1.65 -9.41 5.38 -4.41 1.43 -2.56 1.14 0.60 -4.71 -7.36 5.22 0.66 8.08 9.07 -6.98 2.78 9.38 -3.91 -0.16 -5.34 -7.06 -0.54 7.41 -4.30 -2.85 -0.48 -3.26 -9.99 7.73 9.17 -4.17 4.51 2.44 0.83 0.64 9.28 0.93 -4.99 -1.16 -2.75 3.28 -5.78 -1.68 5.19 -8.67 -2.34 -5.10 -9.49 3.03 -6.66 8.35 3.13 -1.98 -6.32 -3.33 -5.49 4.64 -4.56 -9.60 -5.31 -8.02 -2.91 -1.12 -4.40 -4.80 9.35 2.77 3.48 3.09 -6.83 -8.08 -1.77 -5.15 9.50 9.42 -3.88 -0.35 -0.85 4.94 -2.07 2.96
0.60 -0.84 4.93 -8.58 3.33 -5.79 9.07 -4.25 5.37 -8.19 -6.01 9.28 -3.53 0.06 -0.54 -5.47 -5.26 -9.86 -4.31 0.32 -3.66 9.32 0.85 -4.70 -2.93 -3.51 5.27 -5.89 -3.41 0.23 -7.35 -9.03 9.86 2.08 -7.45 -1.03 -4.75 4.04 -4.51 -6.06 6.97 -5.14 7.25 -9.53 5.28 9.06 -1.42 9.35 6.27 -2.65 -3.98 -2.57 -1.67 1.29 -0.65 1.97 4.50 1.05 6.70 8.50 -4.56 7.07 0.22 -2.39 0.66 6.16 -8.05 -1.89 -0.00 6.57 3.19 -7.97 -0.25 8.05 0.93 -0.36 -1.32 7.14 -9.84 -4.24 5.11 -3.05 -4.72 2.66 5.52 -9.42 -4.88 0.10 9.40 1.69 7.92 -8.24 5.97 -2.41 8.17 -0.28 8.72 9.32 8.74 -8.38
5.04 9.13 9.37 3.94 6.37 -0.96 5.01 3.73 9.22 8.86 8.22 2.86 9.77 -0.32 8.38 6.11 -8.27 5.45 -1.91 6.89 -4.52 1.09 2.27 -0.78 2.85 -2.17 -1.05 -0.01 -1.96 1.60 7.51 7.67 3.21 -4.52 -6.80 -8.02 -6.71 -9.57 -5.26 -5.26 -5.13 1.44 -7.03 6.73 1.20 -6.12 -2.72 6.03 -5.47 5.45 -0.51 0.09 -2.91 -8.89 8.17 7.79 -9.61 -1.58 7.69 -9.48 0.46 3.84 6.57 7.68 -9.96 -9.25 -9.99 -0.30 -4.65 7.45 5.12 2.98 -1.86 6.43 4.21 -6.54 6.47 -0.39 -5.93 -6.02 -2.29 -8.10 1.92 -1.86 -2.77 -3.16 -6.67 -1.40 -8.32 -3.85 8.70 -7.17 1.92 -3.99 -2.58 3.90 8.50 -6.64 -4.99 3.50
-6.63 1.80 -4.04 2.78 1.19 -8.83 0.54 3.73 -9.63 -9.81 -7.76 0.03 6.21 3.50 7.97 8.55 8.83 0.91 1.49 -2.43 6.26 2.47 5.90 -8.70 -9.82 -1.83 -6.66 0.50 -0.30 -7.71 -6.32 -3.38 -9.16 -6.20 3.32 -5.10 -5.88 1.81 3.09 8.81 8.26 4.10 -9.71 4.82 -2.28 1.69 -7.30 3.30 -8.64 6.65 -1.34 2.70 -2.50 9.60 5.55 4.59 7.64 7.56 1.40 -8.98 -2.13 5.13 -3.22 1.52 -2.44 6.77 -3.42 -2.53 -7.07 -5.91 -1.06 4.23 -1.60 -9.43 -7.42 -0.66 3.14 -5.51 3.81 8.31 8.27 4.19 1.91 8.22 3.58 6.68 -5.03 -4.80 5.93 4.68 -2.02 -7.97 -2.15 2.01 1.42 -9.70 -0.41 -1.49 -8.37 3.70
-6.59 -7.33 2.87 -4.22 9.51 -4.60 -9.75 -3.70 9.34 9.30 7.03 6.84 4.23 9.58 1.76 -2.27 9.75 7.79 -6.60 6.07 -4.89 -9.89 5.04 -4.17 -9.07 4.89 7.72 3.81 -0.27 -7.56 -5.06 -2.42 0.81 -4.55 5.28 3.31 4.37 2.16 -1.48 8.85 -5.63 -3.64 -3.54 -8.30 -1.26 6.01 -8.77 9.78 -3.60 9.93 9.15 -2.85 -8.76 -7.22 9.76 -5.41 9.70 5.69 -0.10 -7.46 -6.93 9.45 7.42 -8.01 3.64 -8.63 7.16 3.72 4.74 -0.63 -3.25 1.81 7.57 -2.20 -2.91 7.82 -2.63 7.73 9.15 8.18 0.34 -4.12 -6.19 4.70 -8.50 7.86 -9.54 7.41 1.43 -9.69 -6.69 -0.67 -8.89 3.72 8.46 -8.40 -4.12 -0.03 2.28 2.09
8.69 -8.26 -4.08 5.02 -5.59 -7.24 3.87 -5.67 4.95 7.55 8.23 9.31 8.63 7.13 -4.88 7.28 5.65 -7.99 -9.14 2.72 0.18 0.86 -9.89 -1.08 -4.53 4.72 7.89 -7.26 9.41 -3.22 8.91 -8.06 4.57 9.32 3.65 8.20 4.69 -2.59 -9.27 -7.16 -5.12 6.72 -0.97 -5.59 7.72 3.87 -6.33 0.33 -2.65 7.36 7.40 1.02 2.65 3.85 8.18 2.24 -5.59 1.43 1.45 -1.49 2.84 5.80 2.30 1.76 2.64 6.43 7.48 -2.27 2.88 9.86 -5.20 -0.83 0.02 -1.91 -3.60 2.49 1.46 8.90 1.93 5.64 5.03 4.33 -3.74 5.36 4.84 3.74 -4.83 2.65 4.02 -6.03 -4.03 1.96 5.88 6.36 7.31 -1.22 3.99 -9.90 9.94 -2.96
5.41 4.62 -1.42 -1.85 6.40 -4.47 2.72 -6.80 -0.55 0.09 -6.03 0.60 -9.48 -6.05 7.32 3.12 2.27 0.29 9.73 -3.61 -1.27 -5.64 -0.04 -8.50 -9.22 -8.83 -2.83 2.53 -3.30 -4.15 -1.98 -5.38 -8.29 -4.76 1.73 1.15 6.52 7.08 3.27 8.66 7.02 8.93 2.08 -8.30 -0.77 -8.51 2.58 5.18 2.46 -0.57 -9.13 2.24 8.85 -7.01 -2.89 -9.21 7.39 3.05 6.46 -8.25 9.29 1.74 8.98 -1.47 4.87 0.44 -3.38 2.17 -7.99 -2.48 -2.07 1.22 -2.41 -3.89 -4.29 4.80 1.58 6.48 -9.16 -9.01 8.94 7.78 6.79 4.11 -7.32 -0.31 8.24 -5.39 7.48 -3.24 8.39 -2.28 -5.53 7.26 4.14 0.39 3.53 -2.87 -3.35 -7.68
8.87 -3.89 -6.99 7.76 -3.23 1.50 -3.68 6.01 -4.70 6.04 -5.82 0.10 -8.74 -5.20 6.37 4.97 -6.19 2.35 1.23 9.79 4.58 3.16 -3.90 -2.27 1.03 -6.61 0.47 -6.26 9.36 -9.85 2.54 -0.93 5.64 6.99 -3.37 5.56 -2.55 -9.00 3.89 -1.24 8.26 -2.08 2.54 9.36 -2.34 2.54 -5.62 3.30 -4.22 -8.53 -0.42 -3.10 0.26 -1.46 3.62 3.85 0.65 2.71 7.52 -9.25 -2.46 0.11 4.35 -2.59 6.90 -8.06 3.53 4.83 -2.57 -0.93 -5.94 -7.38 4.20 7.57 8.51 8.65 -1.50 7.93 -5.01 -1.41 -4.99 -2.85 6.47 -0.82 2.78 2.39 -3.57 8.18 -3.34 1.07 7.33 -1.52 2.91 -2.19 3.41 3.84 1.50 -1.43 -4.60 2.27
-0.37 8.57 -5.31 -6.67 5.71 -0.28 6.28 -1.21 -7.90 -1.41 7.55 -5.78 -6.81 -8.56 -7.94 -4.63 2.05 -1.09 -9.55 4.19 -2.92 6.47 -2.23 -4.11 -1.03 8.46 8.07 5.31 2.88 2.14 7.77 1.83 0.14 -1.68 2.68 2.26 -0.33 4.35 -4.33 -5.78 -9.08 -4.70 -2.04 -9.80 -3.93 8.25 7.51 4.95 -6.07 -2.87 -9.75 3.53 -3.22 -1.41 0.42 7.50 5.17 5.33 6.48 8.58 -3.55 9.74 7.92 -4.20 2.83 -1.93 -2.51 -1.24 -6.38 2.44 -9.77 -0.10 -8.53 -3.26 -1.49 3.76 3.16 -1.42 -7.17 -3.69 4.12 7.10 -0.62 -3.53 6.16 -0.45 -6.32 -7.53 0.42 6.57 9.28 -1.20 -5.78 1.05 3.44 -8.78 0.05 4.78 5.35 5.01
-5.55 -1.71 -3.48 7.92 -5.89 -2.99 4.18 -5.47 9.90 -9.01 -7.33 -4.57 -8.72 -0.34 -4.90 -4.47 -4.56 4.08 5.43 -0.20 -4.77 0.77 4.67 -4.43 -0.57 8.93 -3.88 -9.70 -9.18 0.78 5.32 -2.20 1.50 -8.47 -3.20 -8.46 -2.13 -6.78 6.42 -2.29 7.40 8.57 4.50 -5.21 3.74 7.74 1.81 9.86 -7.66 10.00 -7.16 -8.50 -2.42 6.13 -1.43 0.40 4.03 6.54 -2.07 -0.79 -6.29 8.16 4.59 -9.26 6.02 -7.05 -7.29 -5.13 -2.09 -1.82 3.08 9.42 -1.46 -2.54 4.05 -9.07 9.43 -1.27 7.31 2.04 3.21 -3.53 -3.05 8.25 -6.37 0.33 2.62 -1.53 -8.25 -2.06 -1.30 -7.78 3.78 8.80 -2.32 -3.61 -1.68 9.38 -1.76 -9.67
8.06 1.08 0.64 2.37 3.31 -4.16 5.38 8.80 -0.08 -0.30 -2.25 -8.07 6.72 8.89 -4.56 4.06 -8.70 -4.39 -3.38 -6.17 -2.28 5.84 8.46 3.78 -9.17 0.78 9.95 -7.35 2.24 -2.50 -7.19 -7.20 7.37 8.94 3.54 4.33 -3.65 8.50 -2.91 -0.20 6.57 -7.56 1.31 9.61 -2.37 -2.62 -0.41 -5.82 7.73 -0.47 -7.13 -8.11 -8.22 6.54 -0.57 2.83 -0.88 0.86 -5.27 5.60 -5.14 0.29 -5.22 -4.61 -4.87 1.15 -6.40 2.90 5.61 -1.92 9.60 -3.99 4.16 8.22 -5.16 -9.69 7.47 4.13 5.32 -3.63 5.12 -2.62 -7.60 -9.98 -9.23 -1.66 -9.66 -4.96 9.10 6.03 -5.14 5.37 1.81 1.48 -5.28 -1.87 5.52 -2.02 1.08 8.10
-2.93 2.97 3.30 5.69 -8.56 -5.73 8.25 7.88 7.97 8.35 -2.50 7.93 2.91 9.89 -8.02 -9.05 -4.16 -2.32 2.40 4.23 3.09 0.58 6.42 -6.85 1.75 -0.82 0.80 -4.31 3.95 -9.46 2.59 2.37 3.91 6.16 -5.16 -1.43 -1.92 -5.38 9.32 -2.14 -5.77 -7.10 -7.97 -7.13 -1.51 4.90 0.91 -3.48 -1.33 8.12 -3.63 -5.18 5.08 3.88 9.19 2.18 -8.82 6.34 6.11 1.52 4.17 8.45 8.38 7.53 0.46 -0.72 -0.77 3.72 -7.42 -9.07 1.52 -6.03 -9.25 1.68 1.89 -1.30 8.72 7.36 0.84 3.49 -6.58 9.00 -7.19 8.05 4.99 3.67 4.08 -5.81 3.05 0.72 3.03 -8.88 -9.64 -1.85 -1.17 8.34 9.80 7.52 -1.63 -2.60
-6.73 1.11 4.22 9.22 0.08 -6.73 -7.35 -2.51 9.60 5.28 9.00 -8.24 1.93 -3.83 -2.43 5.22 3.37 -4.54 -8.60 -7.15 -3.44 0.78 -1.35 -1.39 -5.80 -9.77 -8.73 -4.11 -7.71 -3.54 2.05 0.15 3.42 -8.09 -2.07 8.72 2.60 -8.87 -9.90 -5.18 2.93 7.93 -1.01 -1.59 1.85 -3.57 1.52 8.52 -7.59 -4.51 -6.15 9.17 5.58 9.58 -0.09 4.71 0.48 7.28 4.38 7.53 -1.15 1.02 6.71 7.73 -2.58 -5.11 -2.98 6.41 3.21 -2.05 -3.48 -5.11 0.51 4.55 7.34 7.51 8.62 1.74 -5.53 -6.70 5.58 -2.85 1.36 -6.68 8.46 0.75 6.11 3.62 0.40 -4.87 -8.62 -0.12 -7.64 -2.19 -8.60 7.08 -3.32 -5.67 1.73 -8.26
-6.08 8.46 -4.28 -8.47 1.29 -0.33 -0.28 -3.78 -7.74 -0.56 2.73 4.23 -6.23 -8.05 6.28 -0.54 -1.11 -2.88 -0.11 9.21 -6.88 6.93 4.92 -2.91 4.20 3.38 -9.31 6.38 -5.51 8.75 -0.41 3.84 -4.60 -9.04 3.88 0.83 -2.59 -1.47 6.71 5.77 7.60 -3.96 3.92 8.13 -2.39 -4.59 -8.61 -0.45 -4.66 0.54 1.97 1.56 6.38 -1.01 -7.47 7.69 -2.55 -8.76 -8.77 5.98 -4.08 4.76 9.29 -0.32 -4.24 -7.47 0.74 -4.37 9.77 -4.35 -3.05 7.09 3.09 5.19 4.56 -7.88 -1.41 -1.28 9.72 -8.45 9.98 2.33 -8.92 5.40 1.95 -5.84 9.25 -4.58 -5.64 -6.98 2.24 -8.85 0.86 5.65 -7.80 3.25 2.10 1.40 -5.41 -7.51
0.72 -1.46 -8.72 -8.59 7.64 -5.32 8.91 -3.17 4.37 -6.48 1.73 6.18 -2.45 5.65 -2.63 0.37 -0.14 -2.13 1.40 1.99 4.15 1.52 -8.21 2.12 6.92 -0.36 3.36 -0.83 8.33 -7.87 -7.71 6.12 -2.58 -6.92 6.32 7.07 7.11 3.36 9.32 1.53 6.45 -1.89 -0.24 2.81 4.60 3.45 -6.47 5.66 -9.45 -2.97 -1.71 -7.84 6.86 8.59 6.81 3.81 -9.43 5.64 -6.87 -3.89 -4.80 -2.75 0.69 -3.35 -5.90 4.28 -8.40 7.90 1.29 4.45 0.81 4.62 -0.22 4.14 -0.58 -9.25 9.34 5.75 -5.66 0.99 -3.59 -0.59 -0.01 6.12 4.70 0.01 3.98 4.28 8.15 7.58 2.11 5.72 3.99 -7.47 9.99 3.95 -1.87 -5.24 -9.08 5.93
3.59 4.38 -1.58 4.65 -0.79 8.67 -9.69 -6.57 0.97 -0.95 4.73 -1.90 -7.96 4.12 -3.66 -0.99 -3.72 4.21 -2.16 -9.12 7.23 -6.83 -6.36 1.08 -6.13 -7.74 -8.33 -4.83 -1.80 6.35 2.18 -7.17 4.03 -1.26 -7.74 3.96 -6.46 -0.68 2.52 -0.82 1.61 5.53 -4.59 7.11 4.87 6.32 -7.36 8.48 1.93 -6.36 -9.28 -8.85 0.20 -9.75 2.07 -3.58 2.54 3.84 3.95 8.79 -9.35 -5.89 -0.11 -2.98 -7.39 4.33 7.49 -4.37 -7.80 8.57 -0.80 4.97 -7.75 -9.86 3.15 -5.10 5.23 -0.97 1.34 3.36 -8.40 4.94 7.09 -2.12 -3.85 1.38 -6.07 -3.55 9.37 5.33 1.65 -8.26 5.24 -7.10 3.45 9.46 6.66 -6.46 6.12 0.37
-1.32 3.36 5.00 2.85 -1.18 7.78 1.00 7.61 9.41 5.29 9.79 4.07 -5.75 9.88 -2.62 -1.09 -9.78 -3.50 -2.60 6.86 -6.26 -0.30 9.03 6.97 9.02 -8.54 -5.86 5.68 9.96 0.57 -4.50 -0.07 6.07 -4.30 2.58 -6.74 -9.02 4.99 -9.81 -5.19 -0.14 2.24 -5.55 -4.55 -3.71 -6.24 5.72 -6.56 9.48 -6.96 -9.22 6.82 9.24 7.36 -8.25 4.22 -1.93 9.07 6.92 9.05 -7.92 9.93 5.20 -0.39 4.71 4.88 6.41 -6.10 -0.70 -1.35 7.55 -8.77 -3.36 -9.49 -7.74 -5.20 4.64 -1.15 -1.19 6.69 -2.09 4.66 1.19 7.49 5.63 4.79 -1.25 2.69 0.18 -2.58 -2.19 -8.37 -6.44 -6.52 0.72 -7.94 3.72 1.92 9.69 4.23
7.22 7.12 4.33 9.07 3.69 -9.32 5.38 -4.04 0.67 9.32 6.61 -9.88 -6.79 1.09 1.66 8.76 4.34 4.61 -0.63 2.98 -0.05 5.97 3.12 -7.74 0.54 -6.75 -6.03 -5.77 6.41 3.74 -6.81 4.81 8.45 -5.83 1.80 2.00 -4.00 2.38 7.34 9.33 3.21 -9.79 8.25 3.58 6.75 -3.68 9.04 9.40 -5.50 5.90 -6.42 -9.51 -4.91 0.50 -7.29 -4.59 -0.78 1.15 0.35 5.85 3.35 0.44 1.68 -9.01 8.07 5.07 0.68 -2.54 7.62 4.30 -5.96 6.01 4.84 -7.29 1.02 -7.80 -4.94 4.27 4.47 1.75 2.12 5.60 -0.63 -1.33 8.97 -6.10 2.80 0.52 8.69 6.37 2.79 4.18 9.33 -8.90 0.40 6.38 5.58 3.95 1.42 7.67
-3.48 6.03 4.05 -6.36 2.01 7.08 8.34 4.02 2.74 4.69 -7.97 -6.24 -5.83 6.93 4.08 7.30 -9.31 -1.72 -0.34 -2.58 -3.10 -9.02 -0.28 -5.78 -1.48 1.62 -9.39 8.89 4.01 -3.11 -2.32 0.88 8.60 6.46 -2.40 8.49 4.03 5.37 5.32 -2.37 -6.43 -8.24 -7.09 4.82 -5.47 1.25 0.52 7.92 0.07 -0.88 8.13 9.20 -3.37 3.27 0.93 -9.80 1.08 -1.01 -4.62 -1.52 6.01 7.70 -4.63 1.15 9.99 9.31 1.54 6.05 4.68 3.39 -9.41 3.73 7.49 7.29 3.93 -0.75 -5.64 8.73 2.30 -8.62 -7.44 -6.92 -1.62 -9.14 4.71 1.54 7.59 8.61 6.47 7.73 -2.23 7.09 7.99 -6.15 -9.32 -2.03 -4.84 -0.99 2.73 -9.14
-7.01 -7.91 -1.16 -3.86 -8.32 4.74 0.88 -9.30 0.44 9.30 5.12 8.93 -3.94 -1.57 -5.81 -3.62 9.81 2.06 9.29 -4.84 -3.80 -8.30 7.79 -9.26 -6.16 -3.49 -6.45 -5.90 3.30 5.65 1.78 6.46 6.85 -9.87 5.54 -1.58 -6.03 9.63 8.85 -9.49 3.95 -4.12 8.16 3.48 7.17 6.35 -1.62 6.77 6.33 -1.60 -0.58 -3.74 8.80 -6.59 7.99 0.21 6.40 3.54 -3.18 -3.35 4.75 -7.37 -4.45 3.77 7.10 -9.26 7.42 9.55 -5.18 9.90 9.14 4.36 0.16 -6.77 0.48 -1.77 7.43 5.13 -3.90 -7.35 7.53 0.89 9.48 -0.28 3.08 -4.09 3.11 2.66 -5.59 4.71 0.68 -7.04 -0.23 6.67 -1.14 -2.29 -4.37 1.79 -0.49 -8.56
9.29 -2.99 -2.53 -6.42 1.02 -6.34 0.72 9.77 4.83 1.76 8.13 -5.62 8.49 -7.02 -3.82 -7.31 6.18 4.59 -7.91 -2.09 0.16 -3.63 3.33 -3.65 4.40 -2.36 5.70 5.59 -7.77 0.80 6.06 6.78 7.08 -0.98 3.29 1.95 3.13 9.71 0.79 -2.93 -0.48 -0.05 4.00 5.51 2.30 1.39 -8.17 -7.65 -2.09 6.21 -4.92 8.67 -7.41 9.68 7.33 -2.09 -5.86 2.46 3.21 0.28 -5.73 7.56 1.14 -3.65 3.32 5.58 -2.19 3.80 3.04 9.75 1.47 -3.77 -0.47 -3.88 -3.39 -0.62 -3.93 -7.97 -0.82 1.09 -6.07 8.53 -3.78 1.17 -4.91 3.43 2.02 7.19 -1.81 7.57 -2.95 -8.30 -2.13 8.14 -4.97 -0.27 8.81 4.33 -1.30 -1.37
-7.98 7.34 -0.55 -6.27 5.80 -3.11 8.67 4.11 -2.71 -8.53 -5.75 1.86 -8.18 -5.04 -9.39 9.38 -3.20 -9.14 9.08 -6.21 3.34 -2.33 -1.48 4.62 9.21 -3.01 2.32 7.73 0.30 3.25 -4.22 4.54 6.30 4.09 9.61 4.27 -2.31 5.46 3.38 -1.66 0.96 9.88 -7.92 5.49 -1.42 6.72 3.95 3.25 -9.85 -7.69 -4.65 -7.19 -6.18 -9.78 2.98 1.19 -9.95 -4.02 1.24 -2.58 6.51 -5.71 5.80 -9.88 5.15 1.84 -3.81 -8.01 5.89 9.07 -7.08 -5.10 -0.15 -5.00 -2.36 9.56 6.88 7.92 -9.66 -1.15 3.98 8.06 -7.30 -8.86 0.83 2.45 -3.51 -1.15 6.46 5.76 4.83 3.12 -2.40 1.95 5.38 4.75 -4.02 2.85 2.21 0.55
-9.47 6.89 7.01 -4.26 4.43 -2.64 -5.18 5.45 -7.64 2.40 4.79 -8.23 -0.83 2.17 7.76 -2.15 4.29 -2.32 8.57 -8.61 5.35 6.60 4.45 -9.64 -9.59 7.88 -7.05 -4.63 -3.30 3.80 8.59 -0.33 5.08 -9.02 -9.93 -6.18 -1.17 4.78 -9.06 5.87 -4.92 -6.52 -7.36 8.95 8.42 8.06 7.19 -8.50 9.70 -7.73 8.78 0.28 -3.55 -4.50 0.90 -0.19 -2.43 3.58 -9.13 -8.64 2.19 -8.79 9.61 -4.05 3.43 -5.45 -3.48 -2.09 9.81 2.19 -1.80 9.36 -7.52 -4.11 -5.19 3.24 -5.89 -9.39 -3.53 -0.18 -2.82 9.27 -3.47 5.70 -8.63 5.22 -9.72 9.05 -1.66 9.77 1.01 -4.62 2.57 -7.57 7.64 9.52 -5.05 -7.63 5.28 -3.50
0.53 -1.11 9.14 -9.40 7.58 -0.17 6.92 -9.25 2.80 7.93 -4.68 3.73 -0.81 1.61 -5.30 4.66 -2.71 2.16 -5.97 -0.54 9.03 5.47 -2.61 3.30 -8.68 -9.23 3.17 -8.37 -6.02 3.55 6.08 8.60 8.15 7.85 0.77 -1.61 -2.39 2.42 -1.90 7.94 4.91 -9.59 -2.38 -6.90 7.85 -9.79 -0.45 8.76 -8.24 -7.45 -1.22 -7.58 6.99 7.80 7.54 8.04 8.92 0.82 6.70 6.13 -6.89 -7.95 7.08 0.69 -2.86 -4.21 5.41 -8.98 2.91 0.76 6.71 3.16 -2.98 -2.59 -0.09 -5.67 -8.93 -3.39 6.34 0.68 0.90 4.54 0.14 -6.19 -6.53 -9.84 5.54 -8.42 -6.23 5.36 -6.17 -9.67 -3.04 5.19 3.14 -4.49 -7.80 -3.32 4.70 4.63
9.43 -6.36 6.48 -7.34 -3.75 0.14 4.38 -3.02 -0.71 -7.17 -2.10 3.36 9.45 -2.57 -6.27 1.80 6.47 0.24 -4.23 -9.07 5.88 1.03 -9.53 0.13 -6.80 -8.10 -8.86 2.73 5.49 -3.47 -9.28 8.28 3.15 6.13 -2.91 -1.51 9.65 -0.13 -9.66 -9.40 9.04 -8.94 -0.03 -9.65 -4.68 8.52 6.32 -1.97 7.38 -3.59 -9.81 6.29 8.80 -3.91 -8.76 -8.67 -2.96 9.09 1.22 1.34 -4.74 -9.34 -7.69 0.98 -6.96 9.66 -4.33 -9.51 5.84 7.27 -7.21 5.62 0.23 -4.46 -1.10 9.27 0.75 3.53 -2.28 -7.33 6.37 0.08 2.06 0.40 9.04 9.65 7.21 9.55 6.40 5.16 -0.20 -8.56 -0.65 2.93 -7.85 -0.02 3.23 8.88 -2.11 -2.37
-2.01 -3.89 4.99 5.04 -2.64 -2.38 6.59 -8.47 -7.96 1.26 5.43 7.35 6.29 -5.05 -6.46 7.10 -5.85 -3.23 4.81 4.97 -7.19 -9.29 -3.76 -9.53 -3.79 -8.79 4.22 -1.08 3.77 -8.21 -8.79 0.49 -2.78 0.46 7.08 0.59 -2.45 3.46 -7.48 6.35 -0.41 -6.38 -7.26 -0.89 -2.53 9.96 -2.62 -9.73 -2.73 4.88 -0.28 -8.01 -2.32 -0.56 -4.10 -0.48 2.98 8.81 0.27 -2.76 -6.01 -0.45 -9.68 -6.04 0.45 9.10 -5.28 8.04 3.37 7.03 -2.69 -0.34 7.98 -5.16 -6.23 0.19 -8.84 9.03 4.68 3.41 -9.13 -5.03 3.77 -2.09 9.59 1.46 3.88 -2.30 8.13 -0.15 1.13 -3.07 4.26 6.85 2.02 8.37 3.55 -6.27 -0.21 -2.20
-2.27 -6.02 -7.30 -1.48 9.10 -4.71 9.56 -7.91 7.66 6.67 2.03 4.44 -6.99 1.44 2.38 7.10 -4.61 -5.48 -9.45 7.91 -9.17 9.08 -3.00 -7.34 7.14 -7.95 6.27 -4.39 8.03 -5.94 -4.07 -7.40 -6.49 -5.75 6.19 -1.70 -4.63 -6.98 6.15 -3.58 6.71 3.26 -6.24 8.10 4.81 3.96 7.68 -3.25 8.89 1.49 4.65 4.27 9.18 1.33 5.58 3.59 1.51 -6.66 0.67 3.16 0.48 2.92 -8.58 8.79 1.65 9.61 -6.46 2.26 -3.93 -1.98 9.72 1.96 -2.60 7.55 -8.66 6.88 -9.90 8.97 -5.82 -2.11 5.57 -2.69 -9.85 -3.38 9.56 5.71 -6.22 -0.92 -2.01 2.51 2.43 1.49 8.05 1.78 -7.18 -1.42 -9.58 -5.94 8.66 3.13
-1.39 5.94 -9.85 0.26 -3.46 -6.05 -8.32 6.40 2.98 5.93 8.83 6.04 5.72 -7.04 2.74 -1.31 7.57 -4.92 -1.55 -1.46 -1.33 -3.10 0.74 -1.48 0.17 1.08 3.02 -5.41 0.38 -3.12 -3.38 -9.41 -4.39 0.14 -1.31 1.53 -1.47 -5.32 -6.06 -1.86 2.84 -2.57 2.57 -3.44 3.64 0.58 -0.42 -3.72 -7.10 9.30 7.94 -2.98 6.17 4.68 -3.13 -0.84 -0.05 -6.99 0.77 1.33 1.92 0.03 -0.52 -3.80 -1.92 3.88 -9.07 6.19 -8.19 1.84 -1.95 -6.87 -8.68 -3.10 -4.41 -0.73 0.43 6.28 -8.36 4.05 6.72 -1.54 -7.56 -4.33 7.31 4.47 2.95 3.53 -2.14 -3.80 -9.39 -9.40 -3.44 -8.39 -4.85 -6.40 0.48 2.80 -5.47 3.69
-9.47 -1.69 7.65 -8.49 2.95 0.07 -9.66 -0.91 7.39 2.54 6.89 8.77 2.24 -9.14 -8.91 -1.79 6.65 -8.06 -0.39 -2.38 3.59 0.14 -3.29 8.41 8.74 -1.88 9.86 6.13 4.35 9.36 -7.97 -3.70 0.86 9.79 -9.22 -5.77 -9.96 -4.63 8.20 -9.37 -1.62 -1.10 1.53 0.24 -6.43 -9.86 -7.28 7.32 0.05 9.19 -6.95 -8.01 3.29 8.77 -1.93 3.76 1.78 7.00 -7.00 -9.20 9.12 -8.69 -9.20 8.83 -5.21 1.11 0.85 -4.77 0.95 -4.53 9.23 -0.77 -6.96 3.20 1.69 4.67 9.35 -7.12 1.10 1.07 3.37 8.39 -2.62 8.28 -3.58 2.07 8.21 -6.22 9.52 1.08 3.27 -4.87 -7.39 -0.06 6.97 1.15 7.79 5.82 1.14 5.44
5.19 6.00 5.95 -0.07 3.25 6.96 -4.22 -9.49 8.18 9.13 -8.49 -1.22 -2.66 -0.22 4.44 -0.31 8.77 7.69 1.07 9.15 3.04 -2.34 2.32 3.04 -3.77 7.91 -5.27 2.29 9.40 4.00 5.68 0.84 -6.42 3.60 -5.91 -8.71 -5.80 4.76 -3.89 -6.34 3.28 3.51 -0.05 -2.82 9.15 3.96 8.01 -7.22 0.89 -7.05 -7.14 -0.15 -9.83 3.32 2.25 8.90 3.71 -5.50 -9.36 8.70 -5.24 -9.96 9.56 9.60 -9.56 -3.37 3.64 2.42 -3.71 -8.52 -4.23 5.96 4.17 -6.29 -7.95 7.25 -4.07 8.65 -9.07 2.19 -8.90 -2.04 -6.36 8.77 -5.49 3.01 7.46 2.75 8.60 6.68 2.31 -6.24 0.52 -5.78 -1.33 2.10 -5.33 -5.65 1.11 6.96
-0.72 -4.37 1.13 -0.22 0.08 -7.23 2.16 1.11 -5.08 4.35 -7.77 7.04 -9.74 -4.20 -8.18 -7.80 -3.39 4.92 6.11 -6.03 -2.54 9.35 -2.02 -5.14 -6.42 -1.77 1.53 0.99 -1.80 -7.23 6.55 -1.39 8.52 2.73 8.00 3.74 5.77 7.47 -2.94 0.97 -5.93 -2.94 5.16 4.91 -2.04 -1.23 -7.99 -3.75 -5.30 -1.69 -5.61 2.93 1.73 -4.39 -5.72 -0.83 -6.48 3.93 6.96 -5.23 8.97 -9.37 1.86 -5.85 -9.00 -6.58 -4.25 -1.45 5.05 -6.97 0.73 8.33 -3.81 4.26 5.46 -1.22 6.69 -5.16 -2.30 9.95 5.53 -8.75 5.68 6.40 -1.23 -0.69 4.53 7.58 7.15 -0.20 1.22 5.46 -8.01 3.08 -1.18 4.90 4.67 4.76 1.09 -7.43
4.94 9.49 -3.95 5.41 -4.19 -9.36 7.84 -6.70 4.49 -4.69 -8.76 1.71 7.15 -7.81 -6.17 -3.86 3.63 4.59 4.49 2.56 4.82 -6.87 6.93 -1.13 -8.74 9.86 6.99 -8.46 9.48 1.53 -9.56 3.74 5.01 -0.46 4.67 7.72 -2.61 -4.57 9.22 -6.37 -0.86 -2.83 -4.02 -8.03 9.24 -8.55 -3.80 5.89 6.99 8.93 0.01 -4.31 3.22 -3.42 -6.65 1.59 -9.07 -9.73 -6.65 -1.25 -5.30 -1.95 3.74 9.01 0.75 -6.83 -5.37 -0.72 -9.65 -8.97 8.00 4.83 -6.96 -8.33 -4.46 -5.31 -4.58 5.20 0.40 1.77 -5.13 -5.22 0.92 -9.68 1.50 -2.72 -1.55 1.40 -9.38 6.25 4.95 7.71 3.00 -6.39 2.32 -2.70 6.40 8.88 -5.63 6.75
2.53 -0.11 -5.83 1.64 -0.62 -0.41 -8.18 1.38 -0.16 -4.99 -2.50 -5.54 6.77 -5.02 -6.24 -6.40 2.47 0.90 -7.82 -5.96 -0.44 8.24 8.73 -1.31 -8.75 6.95 5.90 7.00 -7.82 2.90 -7.70 2.74 0.40 8.67 2.54 -8.37 8.52 -9.15 -0.17 -8.64 -8.22 0.09 -1.50 -2.68 -6.15 -9.12 6.71 3.80 -8.92 -6.79 9.92 0.51 7.09 2.43 -5.49 0.46 7.66 -0.32 3.10 -3.52 -3.50 4.68 0.23 9.01 -1.57 -7.57 4.45 -4.89 1.98 -7.00 -2.66 8.82 9.77 -4.75 10.00 5.40 1.61 7.03 7.76 -3.94 6.76 -9.67 0.52 6.40 -8.22 -0.09 0.58 1.71 7.30 -1.17 0.09 9.71 8.28 -0.80 -0.82 3.98 4.83 -5.15 7.05 3.16
-5.89 8.42 2.85 0.28 -3.38 8.83 9.17 7.47 -8.59 -7.01 -3.64 6.95 1.00 6.09 -2.91 -4.83 -4.97 -0.99 8.51 -6.36 6.89 -8.84 -1.87 9.50 8.33 -4.77 2.14 -7.81 -2.37 -6.24 -8.12 -9.46 5.75 5.04 0.19 9.60 -5.61 0.82 5.42 -6.05 -9.62 5.28 6.61 9.86 -3.11 5.60 0.85 -7.94 -1.04 -7.31 3.87 -1.09 -5.75 -6.10 9.20 0.05 -8.96 8.53 -7.62 9.33 0.04 7.42 -2.61 6.92 8.82 5.26 5.96 -5.29 -7.51 -1.75 -6.69 6.53 8.82 -0.73 -6.84 9.71 1.37 6.52 -3.83 -5.32 -0.99 3.19 1.49 7.16 -6.00 -5.15 8.43 -6.63 3.43 -9.61 -8.14 -1.48 -8.86 -6.53 6.65 7.98 2.98 8.27 6.65 -7.78
-3.68 -9.97 -5.40 -7.55 2.25 7.44 -8.55 -4.54 -2.69 3.57 -0.13 6.75 8.54 -6.41 9.81 5.65 7.12 -8.40 -8.18 4.58 -9.05 -8.64 -0.24 -3.90 -0.46 5.47 4.94 0.86 6.19 5.52 2.75 -7.49 8.35 1.91 5.56 -8.53 -1.49 -7.90 -1.18 9.98 1.60 -7.71 -5.22 -3.66 3.03 7.90 -5.25 3.21 4.90 7.65 1.18 4.13 0.81 4.09 7.33 -4.09 2.87 -9.49 3.44 -7.23 8.93 2.27 -1.21 -3.37 5.82 8.55 9.62 4.50 4.25 4.10 -4.03 -2.22 -3.87 -5.72 -3.80 5.71 7.24 4.45 -2.08 6.56 8.76 -3.42 5.14 0.51 -7.20 5.02 6.33 8.99 -3.54 -0.09 -0.32 -6.40 -8.87 -8.09 3.90 -1.89 6.00 8.46 9.98 1.02
6.59 -3.87 -5.07 8.59 -1.21 6.99 -4.30 -8.64 -5.39 -5.51 -7.09 -2.28 -6.92 0.69 4.73 -7.25 -9.56 2.26 4.04 8.33 -7.12 -6.79 -1.81 -5.84 -1.69 8.72 -2.47 3.59 -2.03 -1.25 -7.54 -0.03 9.52 5.32 -0.47 -2.52 -9.92 -4.75 -1.47 0.96 4.70 3.55 -5.10 2.63 -7.87 -1.12 -6.72 1.64 -8.99 5.61 -9.77 -3.53 2.87 3.08 -1.74 -5.16 4.12 3.44 7.17 -4.57 -3.27 5.80 -3.07 -7.00 7.92 -3.81 7.68 9.25 1.06 3.06 6.49 -8.43 -8.76 -6.93 -4.83 3.67 -6.25 7.38 -5.61 9.91 -5.66 -8.85 -6.76 0.48 1.02 2.68 8.18 -3.66 1.75 -5.70 -1.92 1.80 -0.38 -4.61 -7.07 3.46 -6.25 -2.25 1.88 -1.86
9.20 -5.41 -9.50 -9.24 -4.60 -6.58 6.73 -0.29 6.49 4.83 -5.88 -5.32 -5.09 -3.26 -4.27 8.85 -3.64 2.32 6.61 8.83 -5.02 4.62 -8.07 7.00 9.90 -8.03 -9.77 8.48 9.30 4.63 -4.21 -6.28 -0.83 -3.39 -6.75 -0.55 1.97 3.72 -5.60 9.81 -2.80 3.23 -0.54 5.98 -3.97 -8.50 8.57 -6.48 7.60 -3.61 4.58 -1.40 7.39 1.01 -6.48 9.56 -6.13 -7.36 3.40 -7.97 -3.09 4.96 -0.45 8.48 -6.37 -0.63 -1.83 -0.61 7.74 -6.05 5.39 6.98 -4.05 -5.21 4.14 7.76 2.72 -3.05 -7.00 -2.63 0.27 -2.49 7.90 4.00 -9.29 -3.04 3.68 -0.68 5.70 8.79 -4.97 -3.66 -3.83 5.95 1.82 -1.85 6.98 9.01 -4.25 4.60
7.46 2.07 -0.78 7.92 -3.24 -9.00 -6.05 -9.08 4.50 3.13 7.14 4.94 9.46 9.97 -1.05 7.86 -3.89 -7.88 -9.39 6.31 -5.93 9.01 -0.08 -5.35 2.34 -2.49 -4.89 -4.35 -5.01 6.69 -8.49 9.24 -1.47 1.17 2.39 -2.02 -2.35 -5.00 1.06 0.29 -0.67 -2.31 -6.08 -2.91 -5.39 -3.51 -5.93 3.08 6.50 -4.29 0.64 -5.73 -2.68 5.48 3.67 3.53 6.51 7.66 9.16 -2.70 7.38 -0.15 6.55 3.73 -9.45 -4.73 9.37 -5.50 7.48 3.34 -7.10 -0.12 4.49 2.55 -2.47 -2.05 -3.32 -5.16 -0.87 -3.85 -2.92 -6.57 3.42 4.75 -6.59 2.20 2.02 4.23 -4.61 4.78 -1.94 3.59 8.09 -1.85 -0.67 -7.91 3.92 -4.11 -2.82 -3.23
-9.27 -3.24 -4.86 -9.02 3.79 -4.82 -7.72 1.48 -1.08 8.74 -5.20 -3.89 4.93 -6.98 -3.31 -5.09 -3.16 -4.48 -6.79 -7.63 2.40 -8.90 2.96 -4.99 7.00 5.55 4.32 5.58 -7.40 3.61 -7.86 -5.26 8.91 -7.88 4.78 1.21 2.83 2.16 -1.00 1.18 -5.34 7.82 7.84 -6.26 5.22 1.96 -7.56 0.84 2.21 -3.32 -4.21 3.49 -7.96 1.80 -8.64 1.54 -3.47 4.88 0.27 6.20 9.96 0.60 7.05 -4.43 9.08 -3.65 0.69 1.95 8.57 -2.40 -8.44 -6.49 7.93 1.87 -4.82 -2.80 4.47 5.14 9.99 0.55 -1.99 3.52 4.85 -5.10 3.34 8.51 -0.16 8.81 0.43 -1.86 6.56 4.82 -8.58 -4.69 -4.83 -4.07 6.27 -0.63 -6.32 8.62
-7.57 5.84 -1.70 -8.69 -9.90 9.40 7.15 2.80 -1.82 0.01 -9.64 4.58 4.46 -4.69 -3.81 -7.12 -3.10 -7.12 -8.74 8.68 0.97 3.07 -5.07 8.50 1.56 1.05 -1.86 -9.08 7.54 6.83 -9.89 -8.95 7.94 7.67 -7.29 -9.76 -6.45 1.28 -5.18 4.79 -4.51 -5.90 6.79 -0.41 5.15 8.14 1.97 8.68 4.69 -7.59 3.67 1.12 9.77 -0.52 -5.14 2.98 6.50 8.86 8.73 -1.85 1.61 -0.25 -9.39 -3.58 -2.61 4.02 3.71 -1.98 -6.17 -3.57 -2.89 7.36 1.23 -0.29 -7.38 -0.66 -8.03 9.68 -3.29 5.18 -6.04 9.47 3.59 5.93 -8.34 8.97 8.44 -8.70 -3.56 8.13 3.12 -3.12 -6.67 -4.74 9.68 -7.06 -0.48 -8.49 -8.18 -6.21
8.09 -1.67 -2.92 0.73 3.01 -9.43 -6.07 6.53 -0.04 -5.60 -8.75 -0.89 9.08 7.50 7.59 0.98 1.36 -9.70 -2.21 -1.60 -9.63 -3.56 -1.98 -8.07 -4.38 -5.39 -3.05 -4.08 -3.12 -4.85 -5.01 8.00 3.08 -2.05 -5.27 4.72 -0.03 3.80 -8.72 -1.80 5.14 6.24 1.50 -9.01 -1.88 5.31 -5.14 1.97 9.42 8.66 7.79 -8.98 -2.55 -3.84 8.55 -9.82 -4.06 -4.38 6.99 -9.57 -0.76 -5.97 8.75 -7.17 -8.72 0.64 -3.75 8.20 -3.60 -1.96 -9.45 -9.25 -5.59 1.62 -6.14 -1.42 -1.29 7.02 -7.95 -5.53 1.01 -1.57 3.68 -5.97 -7.56 2.26 -3.05 4.41 2.11 2.48 8.30 7.00 8.34 -9.62 -2.50 -5.56 6.15 0.58 2.26 -4.10
5.25 -1.18 -0.83 2.43 4.58 9.85 -1.62 0.75 3.98 2.49 -2.88 -8.48 -8.12 5.40 4.18 -0.87 2.42 9.01 9.94 -7.02 9.61 8.79 8.91 -5.32 8.18 1.30 1.21 -9.42 -0.27 1.23 3.04 3.39 0.38 -2.06 -3.34 1.62 6.84 0.88 -0.16 8.64 3.72 1.87 4.71 1.50 9.85 4.17 2.55 -2.74 6.33 9.45 -5.30 8.98 0.76 -0.52 -7.06 3.39 -5.63 -8.85 1.01 7.18 2.05 -5.70 -6.72 0.83 -9.40 -0.58 2.30 -2.92 -4.28 4.99 -4.04 7.44 -3.97 -5.17 -0.84 -4.13 2.50 -6.23 -9.99 8.66 2.83 -5.55 -9.84 -6.55 0.70 -1.07 -6.11 -9.34 -8.12 -2.55 3.82 -8.42 7.85 -3.81 -7.94 -9.14 -6.64 4.90 -1.44 -7.93
4.38 -9.60 8.53 5.04 -3.44 0.46 -2.30 3.14 5.85 6.02 2.34 -4.69 7.79 -9.21 1.00 8.78 3.15 8.97 9.51 5.69 -5.45 5.80 -0.55 7.30 4.29 7.01 7.57 3.39 6.24 1.63 -4.65 7.23 1.02 8.11 -6.53 7.89 -6.11 1.89 -3.41 4.07 9.98 -1.60 0.92 -5.74 8.84 4.32 2.41 -7.34 3.19 7.88 -3.11 -3.66 2.94 -6.02 -2.23 9.62 -9.94 2.46 5.67 9.44 -6.27 2.16 4.87 6.89 -4.03 4.52 5.64 -3.71 -0.24 -9.53 4.84 -9.86 9.41 -9.41 -0.55 0.74 -2.95 -1.27 -7.48 -0.98 -7.22 2.61 -1.82 -5.62 6.71 -4.56 6.89 5.15 3.95 0.39 -3.90 -2.88 -0.10 -7.06 -8.75 7.62 -3.34 6.62 7.83 -4.97
-5.39 7.16 8.23 -2.54 -7.39 5.60 -3.41 7.96 -8.86 9.17 3.19 5.72 -1.04 -0.91 3.79 -0.03 1.26 6.11 -8.83 0.24 9.42 1.31 -1.58 -0.08 0.13 7.98 4.46 7.29 -4.56 -4.73 1.82 8.92 -8.38 5.33 2.53 8.01 -0.54 -2.91 -1.20 -9.15 -8.61 -4.97 -7.92 3.01 -5.86 1.13 -3.65 -1.33 -5.01 -7.97 -3.77 2.04 -4.53 -5.00 -4.15 0.68 8.81 -4.00 -6.31 -0.91 4.79 -7.50 -6.20 -2.11 -9.39 -3.68 -3.49 -7.86 3.13 -2.58 8.13 6.81 -6.78 -4.35 -7.80 3.81 -0.92 -9.98 1.51 -7.55 8.33 4.42 2.87 -1.72 1.75 0.32 -6.08 5.01 7.60 -6.61 -2.40 8.16 3.46 3.39 2.46 -0.49 6.97 -1.82 7.92 -7.59
-7.87 -6.98 2.96 -5.12 6.09 -6.55 1.11 4.41 -5.48 0.12 -6.26 -3.99 -5.96 0.62 -7.41 -2.75 3.19 4.93 9.80 -5.00 -8.35 1.77 2.93 -8.11 4.65 3.47 7.54 -2.28 2.82 -2.00 -9.17 0.73 -3.02 8.10 -1.00 4.33 2.73 5.90 -3.86 -5.29 -3.75 3.76 7.22 0.00 4.37 2.67 9.05 -9.55 -9.72 -8.63 -9.39 2.86 -8.08 -0.14 -4.45 9.13 1.60 -6.23 0.01 -3.66 7.90 -7.34 4.92 9.55 7.79 -1.59 -0.90 7.60 8.79 -8.47 -0.77 0.33 -3.36 -3.67 -8.83 -7.62 4.68 -9.94 6.80 -1.07 9.15 -8.20 0.12 4.96 2.18 8.36 8.14 1.88 -3.44 -2.51 4.39 -1.96 9.88 -9.86 8.33 3.53 -1.99 5.60 -4.50 -3.99
4.07 4.00 -6.96 -9.13 -8.94 -1.41 -7.95 -2.68 7.27 -7.79 6.16 -7.41 -2.52 4.86 -0.91 -1.13 1.15 -8.07 -6.68 -1.26 2.28 -5.82 8.21 -1.79 -1.38 -2.53 -1.82 -4.94 -0.90 4.38 4.60 -1.68 -2.02 -5.66 2.84 -2.20 -7.70 -3.24 8.13 8.26 -9.57 9.32 -6.14 2.70 -5.43 3.37 5.64 -8.48 -2.90 9.07 6.67 1.36 -5.52 4.79 -3.19 -6.08 5.06 -6.89 -9.17 5.75 8.18 9.90 0.80 5.71 -8.54 7.11 -2.77 8.16 -7.75 -9.45 -7.91 1.59 -8.81 -9.73 -5.66 -7.99 -3.43 -3.65 -1.44 -7.35 2.91 0.64 -8.17 5.71 2.40 8.87 8.39 -3.16 4.98 -5.76 4.04 6.75 -5.73 1.32 3.33 -3.24 -9.09 -5.52 -9.03 8.44
0.91 -8.25 -4.00 1.03 -9.43 -3.70 -4.87 -6.21 8.20 3.94 8.96 -5.98 -3.76 -6.24 -7.16 -4.81 -9.86 1.23 -4.02 -1.73 7.91 -7.28 -5.22 -2.95 -5.79 -0.37 -6.50 4.84 -9.94 -9.38 -6.21 7.34 -3.42 -2.98 -9.66 6.61 -3.22 0.92 3.20 -5.95 1.66 3.56 6.81 3.33 -2.55 -4.74 -5.60 -4.63 8.93 5.19 3.20 -7.64 2.55 3.54 4.34 -4.62 -0.77 7.73 -7.48 -6.07 -3.54 -7.06 3.87 -9.61 1.97 5.90 -5.11 2.61 4.01 3.73 1.66 -0.60 7.36 -1.38 0.01 -9.04 -8.33 -0.36 -0.42 -8.47 -4.39 -7.87 5.31 5.62 -2.19 2.04 -7.83 4.99 0.61 -3.25 -7.86 9.50 -3.05 4.88 3.86 8.65 9.93 5.74 4.44 -3.46
-8.69 -8.06 0.03 -7.78 4.67 5.69 -1.75 -9.67 -8.16 2.91 5.43 8.67 9.48 2.53 9.11 -7.21 0.15 -4.66 -5.09 7.93 4.04 -0.10 1.08 -5.86 -3.97 0.97 9.25 -7.27 8.23 5.74 -9.06 7.67 -1.41 2.80 -5.52 -6.80 9.17 -6.68 -7.29 -8.73 -4.80 6.72 7.16 3.41 -2.94 -9.83 7.28 -5.06 1.94 -3.59 -0.70 -6.71 8.61 2.45 5.35 7.31 -7.98 -9.28 6.68 7.10 4.89 -4.17 4.40 9.11 1.23 -3.13 -2.13 9.66 -1.80 -6.37 8.84 3.37 4.44 7.85 3.51 7.00 -7.04 -9.63 -8.51 -3.49 -5.73 -7.58 -7.86 4.16 -5.25 -1.58 -7.82 -5.02 -8.67 5.53 -1.79 -0.81 -1.39 6.34 -7.35 1.41 1.40 7.35 7.43 4.69
9.51 8.92 7.15 -5.69 1.06 3.17 4.22 9.81 6.81 -2.02 4.24 -2.48 -4.99 -0.95 5.88 -7.84 6.28 -1.45 2.25 7.37 8.19 7.65 2.71 2.44 -3.24 6.67 0.64 -7.78 1.94 7.22 -8.60 -2.95 -8.65 2.40 -8.58 4.58 5.07 -4.47 -3.59 8.31 3.10 6.39 -9.99 2.25 -1.42 7.02 -4.07 -2.44 7.89 -4.58 3.95 6.10 -2.23 2.87 -3.19 -1.74 -3.64 -1.45 -9.19 -3.93 -2.61 -0.59 2.10 -4.49 -6.87 -7.82 -1.37 -8.75 6.92 6.08 9.65 0.93 2.24 0.48 -6.58 2.63 0.27 -1.38 7.45 4.51 -8.49 -1.36 -0.53 -8.88 7.00 -8.88 -2.60 2.72 4.39 -9.56 7.06 7.23 -2.00 -1.76 5.85 0.67 4.72 3.34 3.31 -5.49
7.93 4.65 5.70 -3.40 -3.74 4.73 3.61 2.40 2.72 -6.82 5.07 4.68 -1.60 5.02 -2.53 -1.87 9.93 -2.15 8.45 3.17 -4.51 6.66 3.51 -1.05 2.62 3.92 5.92 -4.57 -6.11 -6.02 -8.68 6.24 8.51 3.52 0.90 -5.85 -7.56 -8.82 -5.13 3.63 3.97 4.52 -1.74 -5.67 -3.27 -0.35 -8.22 -6.65 6.13 3.05 2.16 -3.33 -4.56 3.64 7.84 -7.31 -3.38 -8.01 4.79 -2.84 -5.85 4.68 2.18 8.93 9.95 8.68 -2.91 8.48 -9.46 -9.35 -5.65 -5.39 4.20 -0.37 2.22 0.15 3.36 7.04 -1.84 -7.36 1.79 2.35 9.18 6.31 8.02 2.85 -6.05 -5.05 4.70 -7.35 -7.41 4.38 -1.91 -2.99 3.14 -9.94 -6.40 -7.77 -8.14 -4.30
5.92 5.42 8.56 3.70 7.39 -5.34 0.91 1.79 -4.90 2.62 -0.53 7.53 3.94 0.80 6.10 -6.54 -0.95 4.97 -8.94 9.81 -1.93 7.52 -5.34 -6.02 -4.01 -0.43 5.07 2.04 9.47 1.47 -5.07 -1.53 -4.44 -9.67 9.95 7.30 8.35 -4.63 7.08 -1.12 -7.86 4.05 -4.32 -5.61 7.82 3.63 -8.57 7.17 5.16 -0.07 3.54 -3.16 -8.71 8.84 1.95 3.21 1.73 -1.33 -5.16 -6.14 -6.64 1.76 9.50 -5.66 -6.28 -4.22 7.84 1.38 1.98 -9.34 1.89 -0.59 -0.61 -4.43 9.85 -2.74 -3.99 5.98 -1.27 4.50 3.27 -5.05 0.77 -4.12 -3.30 -4.41 4.57 -8.91 -1.75 -2.41 9.97 5.07 2.18 -2.58 6.46 -4.73 9.22 -9.32 8.10 -4.82
7.77 7.26 1.72 2.30 -8.51 -3.93 0.33 4.71 2.46 2.89 5.76 -0.25 -2.78 1.68 8.30 -5.57 -1.61 7.56 -2.79 7.06 0.84 2.71 9.43 -9.78 2.03 3.13 2.37 -5.75 -4.29 -3.54 -3.25 -0.62 9.44 3.71 3.00 4.99 -6.39 2.11 3.32 6.31 2.13 4.07 -5.88 6.02 -2.84 7.84 4.96 -3.05 -8.40 -5.35 -1.02 -4.42 -7.66 -3.09 -9.30 0.16 1.92 -5.69 -1.43 -3.99 -7.32 3.33 8.30 -6.31 2.35 5.03 -0.90 6.14 -2.68 -1.78 -3.99 -0.49 4.25 -8.74 -0.03 4.64 2.30 -9.73 -2.38 -9.94 7.51 2.67 8.24 5.04 7.50 -9.83 -0.89 -2.28 5.30 4.59 -8.78 -4.59 0.39 5.15 1.98 2.16 -2.54 -9.71 1.01 -9.74
-7.80 3.71 -4.97 5.60 -5.15 -8.04 -0.33 -6.11 -2.82 8.80 1.24 -9.24 -7.56 -3.45 8.96 5.31 -7.72 9.80 -5.28 0.27 2.57 -4.44 2.18 7.91 -6.85 -2.91 3.61 -5.03 7.40 -7.58 8.23 0.38 -5.16 -9.01 2.93 -2.24 8.16 0.15 0.78 3.92 4.79 1.42 -2.25 -0.09 -4.94 8.48 -4.85 6.87 -2.20 -0.92 -2.25 1.00 8.04 6.47 0.31 -2.53 5.33 -7.89 -7.74 6.69 8.65 -4.03 -9.54 -6.50 8.39 -7.79 0.41 -8.30 4.20 -7.96 -2.00 -0.55 2.44 4.41 -1.72 2.82 0.17 1.25 -1.19 -2.17 2.24 9.25 -1.69 2.45 -4.30 -8.38 -5.11 -8.41 -5.83 6.76 -1.70 0.14 -0.78 0.47 4.36 3.55 -0.03 -6.92 5.10 6.14
1.18 -7.77 -6.76 -8.67 7.28 -8.67 8.29 0.77 -9.41 6.19 5.14 -8.74 -4.87 8.03 -1.02 -7.33 5.46 1.95 -4.64 -1.56 -5.04 -0.71 -3.87 -9.14 -5.79 3.84 8.77 2.88 9.94 -9.88 -9.63 1.43 -7.61 -4.37 8.20 1.04 9.44 6.22 -9.83 -0.35 0.51 -7.27 5.37 8.40 -5.20 1.13 7.05 2.81 8.92 -7.42 3.51 6.52 8.76 9.16 1.06 7.47 -9.03 5.88 8.38 -3.99 -4.94 0.83 -2.32 -5.79 -7.51 5.56 -0.69 -5.19 -4.30 3.19 7.14 -6.05 -7.03 1.28 9.27 3.45 -8.19 -6.86 6.36 1.88 -9.39 -6.22 0.87 3.87 -2.32 -6.38 2.43 5.41 7.63 3.00 -7.43 -0.69 -7.50 -8.41 4.34 -9.17 -4.13 -4.81 3.36 -0.45